0.088904	0	0	6	LastDelay	0.028904	28904	1	1
0.088904	0	0	6	FullDelay	0.028904	28904	1	1
0.118904	0	0	9	LastDelay	0.028904	28904	1	1
0.118904	0	0	9	FullDelay	0.028904	28904	1	1
0.135616	0	0	2	LastDelay	0.115616	115616	1	4
0.135616	0	0	2	FullDelay	0.115616	115616	1	4
0.145616	0	0	3	LastDelay	0.115616	115616	1	4
0.145616	0	0	3	FullDelay	0.115616	115616	1	4
0.155616	0	0	4	LastDelay	0.115616	115616	1	4
0.155616	0	0	4	FullDelay	0.115616	115616	1	4
0.158904	0	0	13	LastDelay	0.028904	28904	1	1
0.158904	0	0	13	FullDelay	0.028904	28904	1	1
0.185616	0	0	7	LastDelay	0.115616	115616	1	4
0.185616	0	0	7	FullDelay	0.115616	115616	1	4
0.197808	0	0	14	LastDelay	0.057808	57808	1	2
0.197808	0	0	14	FullDelay	0.057808	57808	1	2
0.218904	0	0	19	LastDelay	0.028904	28904	1	1
0.218904	0	0	19	FullDelay	0.028904	28904	1	1
0.256712	0	0	17	LastDelay	0.086712	86712	1	3
0.256712	0	0	17	FullDelay	0.086712	86712	1	3
0.265616	0	0	15	LastDelay	0.115616	115616	1	4
0.265616	0	0	15	FullDelay	0.115616	115616	1	4
0.288904	0	0	1	LastDelay	0.028904	28904	1	1
0.288904	0	0	1	FullDelay	0.278904	278904	2	1
0.308904	0	0	25	LastDelay	0.028904	28904	1	1
0.308904	0	0	25	FullDelay	0.028904	28904	1	1
0.325616	0	0	21	LastDelay	0.115616	115616	1	4
0.325616	0	0	21	FullDelay	0.115616	115616	1	4
0.335616	0	0	22	LastDelay	0.115616	115616	1	4
0.335616	0	0	22	FullDelay	0.115616	115616	1	4
0.348904	0	0	29	LastDelay	0.028904	28904	1	1
0.348904	0	0	29	FullDelay	0.028904	28904	1	1
0.385616	0	0	5	LastDelay	0.115616	115616	1	4
0.385616	0	0	5	FullDelay	0.335616	335616	2	4
0.387808	0	0	30	LastDelay	0.057808	57808	1	2
0.387808	0	0	30	FullDelay	0.057808	57808	1	2
0.405616	0	0	26	LastDelay	0.115616	115616	1	4
0.405616	0	0	26	FullDelay	0.115616	115616	1	4
0.408904	0	0	33	LastDelay	0.028904	28904	1	1
0.408904	0	0	33	FullDelay	0.028904	28904	1	1
0.448904	0	0	16	LastDelay	0.028904	28904	1	1
0.448904	0	0	16	FullDelay	0.288904	288904	2	1
0.45748	0	0	31	LastDelay	0.11748	117480	1	4
0.45748	0	0	31	FullDelay	0.11748	117480	1	4
0.457808	0	0	11	LastDelay	0.057808	57808	1	2
0.457808	0	0	11	FullDelay	0.347808	347808	2	2
0.468904	0	0	35	LastDelay	0.028904	28904	1	1
0.468904	0	0	35	FullDelay	0.028904	28904	1	1
0.527808	0	0	37	LastDelay	0.057808	57808	1	2
0.527808	0	0	37	FullDelay	0.057808	57808	1	2
0.538904	0	0	23	LastDelay	0.028904	28904	1	1
0.538904	0	0	23	FullDelay	0.308904	308904	2	1
0.548904	0	0	24	LastDelay	0.028904	28904	1	1
0.548904	0	0	24	FullDelay	0.308904	308904	2	1
0.575616	0	0	36	LastDelay	0.115616	115616	1	4
0.575616	0	0	36	FullDelay	0.115616	115616	1	4
0.587808	0	0	40	LastDelay	0.057808	57808	1	2
0.587808	0	0	40	FullDelay	0.057808	57808	1	2
0.605616	0	0	39	LastDelay	0.115616	115616	1	4
0.605616	0	0	39	FullDelay	0.115616	115616	1	4
0.608904	0	0	43	LastDelay	0.028904	28904	1	1
0.608904	0	0	43	FullDelay	0.028904	28904	1	1
0.614192	0	0	27	LastDelay	0.064192	64192	1	2
0.614192	0	0	27	FullDelay	0.314192	314192	2	2
0.626712	0	0	41	LastDelay	0.086712	86712	1	3
0.626712	0	0	41	FullDelay	0.086712	86712	1	3
0.667808	0	0	10	LastDelay	0.057808	57808	1	2
0.667808	0	0	10	FullDelay	0.567808	567808	3	2
0.668904	0	0	45	LastDelay	0.028904	28904	1	1
0.668904	0	0	45	FullDelay	0.028904	28904	1	1
0.676384	0	0	28	LastDelay	0.116384	116384	1	4
0.676384	0	0	28	FullDelay	0.366384	366384	2	4
0.688904	0	0	18	LastDelay	0.028904	28904	1	1
0.688904	0	0	18	FullDelay	0.508904	508904	3	1
0.728904	0	0	20	LastDelay	0.028904	28904	1	1
0.728904	0	0	20	FullDelay	0.528904	528904	3	1
0.735616	0	0	32	LastDelay	0.115616	115616	1	4
0.735616	0	0	32	FullDelay	0.365616	365616	2	4
0.746056	0	0	34	LastDelay	0.116056	116056	1	4
0.746056	0	0	34	FullDelay	0.356056	356056	2	4
0.765616	0	0	12	LastDelay	0.115616	115616	1	4
0.765616	0	0	12	FullDelay	0.645616	645616	3	4
0.785616	0	0	46	LastDelay	0.115616	115616	1	4
0.785616	0	0	46	FullDelay	0.115616	115616	1	4
0.797808	0	0	51	LastDelay	0.057808	57808	1	2
0.797808	0	0	51	FullDelay	0.057808	57808	1	2
0.806384	0	0	48	LastDelay	0.116384	116384	1	4
0.806384	0	0	48	FullDelay	0.116384	116384	1	4
0.828904	0	0	0	LastDelay	0.028904	28904	1	1
0.828904	0	0	0	FullDelay	0.828904	828904	4	1
0.83748	0	0	49	LastDelay	0.11748	117480	1	4
0.83748	0	0	49	FullDelay	0.11748	117480	1	4
0.846056	0	0	50	LastDelay	0.116056	116056	1	4
0.846056	0	0	50	FullDelay	0.116056	116056	1	4
0.858904	0	0	57	LastDelay	0.028904	28904	1	1
0.858904	0	0	57	FullDelay	0.028904	28904	1	1
0.86748	0	0	52	LastDelay	0.11748	117480	1	4
0.86748	0	0	52	FullDelay	0.11748	117480	1	4
0.878904	0	0	8	LastDelay	0.028904	28904	1	1
0.878904	0	0	8	FullDelay	0.798904	798904	4	1
0.895616	0	0	55	LastDelay	0.115616	115616	1	4
0.895616	0	0	55	FullDelay	0.115616	115616	1	4
0.898464	0	0	44	LastDelay	0.078464	78464	1	2
0.898464	0	0	44	FullDelay	0.308464	308464	2	2
0.937808	0	0	61	LastDelay	0.057808	57808	1	2
0.937808	0	0	61	FullDelay	0.057808	57808	1	2
0.938904	0	0	64	LastDelay	0.028904	28904	1	1
0.938904	0	0	64	FullDelay	0.028904	28904	1	1
0.957808	0	0	63	LastDelay	0.057808	57808	1	2
0.957808	0	0	63	FullDelay	0.057808	57808	1	2
0.968904	0	0	67	LastDelay	0.028904	28904	1	1
0.968904	0	0	67	FullDelay	0.028904	28904	1	1
0.983536	0	0	59	LastDelay	0.123536	123536	1	4
0.983536	0	0	59	FullDelay	0.123536	123536	1	4
0.987808	0	0	66	LastDelay	0.057808	57808	1	2
0.987808	0	0	66	FullDelay	0.057808	57808	1	2
0.992112	0	0	68	LastDelay	0.032112	32112	1	1
0.992112	0	0	68	FullDelay	0.032112	32112	1	1
1.00069	0	0	69	LastDelay	0.030688	30688	1	1
1.00069	0	0	69	FullDelay	0.030688	30688	1	1
1.0189	0	0	71	LastDelay	0.028904	28904	1	1
1.0189	0	0	71	FullDelay	0.028904	28904	1	1
1.03781	0	0	70	LastDelay	0.057808	57808	1	2
1.03781	0	0	70	FullDelay	0.057808	57808	1	2
1.0389	0	0	53	LastDelay	0.028904	28904	1	1
1.0389	0	0	53	FullDelay	0.278904	278904	2	1
1.0589	0	0	72	LastDelay	0.028904	28904	1	1
1.0589	0	0	72	FullDelay	0.028904	28904	1	1
1.1289	0	0	60	LastDelay	0.028904	28904	1	1
1.1289	0	0	60	FullDelay	0.258904	258904	2	1
1.16562	0	0	42	LastDelay	0.115616	115616	1	4
1.16562	0	0	42	FullDelay	0.595616	595616	3	4
1.1789	0	0	79	LastDelay	0.028904	28904	1	1
1.1789	0	0	79	FullDelay	0.028904	28904	1	1
1.1989	0	0	81	LastDelay	0.028904	28904	1	1
1.1989	0	0	81	FullDelay	0.028904	28904	1	1
1.21781	0	0	80	LastDelay	0.057808	57808	1	2
1.21781	0	0	80	FullDelay	0.057808	57808	1	2
1.23562	0	0	76	LastDelay	0.115616	115616	1	4
1.23562	0	0	76	FullDelay	0.115616	115616	1	4
1.30562	0	0	83	LastDelay	0.115616	115616	1	4
1.30562	0	0	83	FullDelay	0.115616	115616	1	4
1.32562	0	0	47	LastDelay	0.115616	115616	1	4
1.32562	0	0	47	FullDelay	0.645616	645616	3	4
1.33419	0	0	86	LastDelay	0.064192	64192	1	2
1.33419	0	0	86	FullDelay	0.064192	64192	1	2
1.34277	0	0	65	LastDelay	0.122768	122768	1	4
1.34277	0	0	65	FullDelay	0.422768	422768	2	4
1.3589	0	0	92	LastDelay	0.028904	28904	1	1
1.3589	0	0	92	FullDelay	0.028904	28904	1	1
1.36562	0	0	54	LastDelay	0.115616	115616	1	4
1.36562	0	0	54	FullDelay	0.595616	595616	3	4
1.38671	0	0	89	LastDelay	0.086712	86712	1	3
1.38671	0	0	89	FullDelay	0.086712	86712	1	3
1.39562	0	0	87	LastDelay	0.115616	115616	1	4
1.39562	0	0	87	FullDelay	0.115616	115616	1	4
1.40562	0	0	88	LastDelay	0.115616	115616	1	4
1.40562	0	0	88	FullDelay	0.115616	115616	1	4
1.42562	0	0	90	LastDelay	0.115616	115616	1	4
1.42562	0	0	90	FullDelay	0.115616	115616	1	4
1.4389	0	0	78	LastDelay	0.028904	28904	1	1
1.4389	0	0	78	FullDelay	0.298904	298904	2	1
1.48562	0	0	62	LastDelay	0.115616	115616	1	4
1.48562	0	0	62	FullDelay	0.595616	595616	3	4
1.5289	0	0	100	LastDelay	0.028904	28904	1	1
1.5289	0	0	100	FullDelay	0.028904	28904	1	1
1.54781	0	0	99	LastDelay	0.057808	57808	1	2
1.54781	0	0	99	FullDelay	0.057808	57808	1	2
1.5689	0	0	104	LastDelay	0.028904	28904	1	1
1.5689	0	0	104	FullDelay	0.028904	28904	1	1
1.57781	0	0	102	LastDelay	0.057808	57808	1	2
1.57781	0	0	102	FullDelay	0.057808	57808	1	2
1.64562	0	0	103	LastDelay	0.115616	115616	1	4
1.64562	0	0	103	FullDelay	0.115616	115616	1	4
1.64781	0	0	105	LastDelay	0.057808	57808	1	2
1.64781	0	0	105	FullDelay	0.057808	57808	1	2
1.66781	0	0	58	LastDelay	0.057808	57808	1	2
1.66781	0	0	58	FullDelay	0.827808	827808	4	2
1.68562	0	0	85	LastDelay	0.115616	115616	1	4
1.68562	0	0	85	FullDelay	0.445616	445616	2	4
1.6889	0	0	82	LastDelay	0.028904	28904	1	1
1.6889	0	0	82	FullDelay	0.508904	508904	3	1
1.69748	0	0	77	LastDelay	0.05748	57480	1	1
1.69748	0	0	77	FullDelay	0.56748	567480	3	1
1.7389	0	0	107	LastDelay	0.028904	28904	1	1
1.7389	0	0	107	FullDelay	0.028904	28904	1	1
1.74562	0	0	75	LastDelay	0.115616	115616	1	4
1.74562	0	0	75	FullDelay	0.655616	655616	3	4
1.78781	0	0	109	LastDelay	0.057808	57808	1	2
1.78781	0	0	109	FullDelay	0.057808	57808	1	2
1.7989	0	0	97	LastDelay	0.028904	28904	1	1
1.7989	0	0	97	FullDelay	0.328904	328904	2	1
1.8389	0	0	84	LastDelay	0.028904	28904	1	1
1.8389	0	0	84	FullDelay	0.608904	608904	3	1
1.84781	0	0	101	LastDelay	0.057808	57808	1	2
1.84781	0	0	101	FullDelay	0.337808	337808	2	2
1.8489	0	0	91	LastDelay	0.028904	28904	1	1
1.8489	0	0	91	FullDelay	0.528904	528904	3	1
1.85781	0	0	56	LastDelay	0.057808	57808	1	2
1.85781	0	0	56	FullDelay	1.06781	1.06781e+06	5	2
1.87562	0	0	96	LastDelay	0.115616	115616	1	4
1.87562	0	0	96	FullDelay	0.415616	415616	2	4
1.8889	0	0	114	LastDelay	0.028904	28904	1	1
1.8889	0	0	114	FullDelay	0.028904	28904	1	1
1.89748	0	0	98	LastDelay	0.11748	117480	1	4
1.89748	0	0	98	FullDelay	0.41748	417480	2	4
1.9289	0	0	38	LastDelay	0.028904	28904	1	1
1.9289	0	0	38	FullDelay	1.4489	1.4489e+06	7	1
1.94562	0	0	111	LastDelay	0.115616	115616	1	4
1.94562	0	0	111	FullDelay	0.115616	115616	1	4
1.94781	0	0	117	LastDelay	0.057808	57808	1	2
1.94781	0	0	117	FullDelay	0.057808	57808	1	2
1.96671	0	0	116	LastDelay	0.086712	86712	1	3
1.96671	0	0	116	FullDelay	0.086712	86712	1	3
1.97529	0	0	74	LastDelay	0.065288	65288	1	2
1.97529	0	0	74	FullDelay	0.895288	895288	4	2
1.9789	0	0	73	LastDelay	0.028904	28904	1	1
1.9789	0	0	73	FullDelay	0.938904	938904	5	1
1.98562	0	0	115	LastDelay	0.115616	115616	1	4
1.98562	0	0	115	FullDelay	0.115616	115616	1	4
1.9989	0	0	108	LastDelay	0.028904	28904	1	1
1.9989	0	0	108	FullDelay	0.278904	278904	2	1
2.01606	0	0	110	LastDelay	0.036056	36056	1	1
2.01606	0	0	110	FullDelay	0.276056	276056	2	1
2.04562	0	0	94	LastDelay	0.115616	115616	1	4
2.04562	0	0	94	FullDelay	0.615616	615616	3	4
2.12781	0	0	125	LastDelay	0.057808	57808	1	2
2.12781	0	0	125	FullDelay	0.057808	57808	1	2
2.13638	0	0	121	LastDelay	0.116384	116384	1	4
2.13638	0	0	121	FullDelay	0.116384	116384	1	4
2.14562	0	0	122	LastDelay	0.115616	115616	1	4
2.14562	0	0	122	FullDelay	0.115616	115616	1	4
2.16781	0	0	129	LastDelay	0.057808	57808	1	2
2.16781	0	0	129	FullDelay	0.057808	57808	1	2
2.17781	0	0	130	LastDelay	0.057808	57808	1	2
2.17781	0	0	130	FullDelay	0.057808	57808	1	2
2.19562	0	0	126	LastDelay	0.115616	115616	1	4
2.19562	0	0	126	FullDelay	0.115616	115616	1	4
2.1989	0	0	133	LastDelay	0.028904	28904	1	1
2.1989	0	0	133	FullDelay	0.028904	28904	1	1
2.20562	0	0	127	LastDelay	0.115616	115616	1	4
2.20562	0	0	127	FullDelay	0.115616	115616	1	4
2.21419	0	0	93	LastDelay	0.064192	64192	1	2
2.21419	0	0	93	FullDelay	0.874192	874192	4	2
2.22277	0	0	113	LastDelay	0.062768	62768	1	2
2.22277	0	0	113	FullDelay	0.372768	372768	2	2
2.29562	0	0	134	LastDelay	0.115616	115616	1	4
2.29562	0	0	134	FullDelay	0.115616	115616	1	4
2.30781	0	0	118	LastDelay	0.057808	57808	1	2
2.30781	0	0	118	FullDelay	0.317808	317808	2	2
2.31562	0	0	95	LastDelay	0.115616	115616	1	4
2.31562	0	0	95	FullDelay	0.875616	875616	4	4
2.32781	0	0	120	LastDelay	0.057808	57808	1	2
2.32781	0	0	120	FullDelay	0.317808	317808	2	2
2.33781	0	0	139	LastDelay	0.057808	57808	1	2
2.33781	0	0	139	FullDelay	0.057808	57808	1	2
2.35562	0	0	138	LastDelay	0.115616	115616	1	4
2.35562	0	0	138	FullDelay	0.115616	115616	1	4
2.37354	0	0	142	LastDelay	0.033536	33536	1	1
2.37354	0	0	142	FullDelay	0.033536	33536	1	1
2.39956	0	0	128	LastDelay	0.04956	49560	1	1
2.39956	0	0	128	FullDelay	0.29956	299560	2	1
2.4089	0	0	144	LastDelay	0.028904	28904	1	1
2.4089	0	0	144	FullDelay	0.028904	28904	1	1
2.4189	0	0	145	LastDelay	0.028904	28904	1	1
2.4189	0	0	145	FullDelay	0.028904	28904	1	1
2.42562	0	0	123	LastDelay	0.115616	115616	1	4
2.42562	0	0	123	FullDelay	0.385616	385616	2	4
2.43419	0	0	143	LastDelay	0.064192	64192	1	2
2.43419	0	0	143	FullDelay	0.064192	64192	1	2
2.43562	0	0	124	LastDelay	0.115616	115616	1	4
2.43562	0	0	124	FullDelay	0.375616	375616	2	4
2.44419	0	0	146	LastDelay	0.034192	34192	1	1
2.44419	0	0	146	FullDelay	0.034192	34192	1	1
2.47781	0	0	147	LastDelay	0.057808	57808	1	2
2.47781	0	0	147	FullDelay	0.057808	57808	1	2
2.54781	0	0	150	LastDelay	0.057808	57808	1	2
2.54781	0	0	150	FullDelay	0.057808	57808	1	2
2.56562	0	0	106	LastDelay	0.115616	115616	1	4
2.56562	0	0	106	FullDelay	0.865616	865616	4	4
2.57419	0	0	152	LastDelay	0.034192	34192	1	1
2.57419	0	0	152	FullDelay	0.034192	34192	1	1
2.58277	0	0	141	LastDelay	0.032768	32768	1	1
2.58277	0	0	141	FullDelay	0.252768	252768	2	1
2.62562	0	0	119	LastDelay	0.115616	115616	1	4
2.62562	0	0	119	FullDelay	0.625616	625616	3	4
2.63562	0	0	140	LastDelay	0.115616	115616	1	4
2.63562	0	0	140	FullDelay	0.345616	345616	2	4
2.67781	0	0	157	LastDelay	0.057808	57808	1	2
2.67781	0	0	157	FullDelay	0.057808	57808	1	2
2.692	0	0	154	LastDelay	0.122	122000	1	4
2.692	0	0	154	FullDelay	0.122	122000	1	4
2.70058	0	0	155	LastDelay	0.120576	120576	1	4
2.70058	0	0	155	FullDelay	0.120576	120576	1	4
2.70915	0	0	163	LastDelay	0.029152	29152	1	1
2.70915	0	0	163	FullDelay	0.029152	29152	1	1
2.72562	0	0	132	LastDelay	0.115616	115616	1	4
2.72562	0	0	132	FullDelay	0.585616	585616	3	4
2.75562	0	0	159	LastDelay	0.115616	115616	1	4
2.75562	0	0	159	FullDelay	0.115616	115616	1	4
2.77781	0	0	136	LastDelay	0.057808	57808	1	2
2.77781	0	0	136	FullDelay	0.557808	557808	3	2
2.7889	0	0	151	LastDelay	0.028904	28904	1	1
2.7889	0	0	151	FullDelay	0.258904	258904	2	1
2.80562	0	0	164	LastDelay	0.115616	115616	1	4
2.80562	0	0	164	FullDelay	0.115616	115616	1	4
2.82562	0	0	135	LastDelay	0.115616	115616	1	4
2.82562	0	0	135	FullDelay	0.635616	635616	3	4
2.8289	0	0	153	LastDelay	0.028904	28904	1	1
2.8289	0	0	153	FullDelay	0.268904	268904	2	1
2.84562	0	0	137	LastDelay	0.115616	115616	1	4
2.84562	0	0	137	FullDelay	0.615616	615616	3	4
2.86781	0	0	168	LastDelay	0.057808	57808	1	2
2.86781	0	0	168	FullDelay	0.057808	57808	1	2
2.87781	0	0	169	LastDelay	0.057808	57808	1	2
2.87781	0	0	169	FullDelay	0.057808	57808	1	2
2.8889	0	0	156	LastDelay	0.028904	28904	1	1
2.8889	0	0	156	FullDelay	0.298904	298904	2	1
2.9289	0	0	112	LastDelay	0.028904	28904	1	1
2.9289	0	0	112	FullDelay	1.0889	1.0889e+06	6	1
2.94562	0	0	170	LastDelay	0.115616	115616	1	4
2.94562	0	0	170	FullDelay	0.115616	115616	1	4
2.9689	0	0	162	LastDelay	0.028904	28904	1	1
2.9689	0	0	162	FullDelay	0.298904	298904	2	1
2.97781	0	0	160	LastDelay	0.057808	57808	1	2
2.97781	0	0	160	FullDelay	0.327808	327808	2	2
2.98638	0	0	172	LastDelay	0.116384	116384	1	4
2.98638	0	0	172	FullDelay	0.116384	116384	1	4
3.02562	0	0	158	LastDelay	0.115616	115616	1	4
3.02562	0	0	158	FullDelay	0.395616	395616	2	4
3.03419	0	0	177	LastDelay	0.064192	64192	1	2
3.03419	0	0	177	FullDelay	0.064192	64192	1	2
3.04562	0	0	161	LastDelay	0.115616	115616	1	4
3.04562	0	0	161	FullDelay	0.385616	385616	2	4
3.07562	0	0	176	LastDelay	0.115616	115616	1	4
3.07562	0	0	176	FullDelay	0.115616	115616	1	4
3.0989	0	0	171	LastDelay	0.028904	28904	1	1
3.0989	0	0	171	FullDelay	0.258904	258904	2	1
3.16562	0	0	166	LastDelay	0.115616	115616	1	4
3.16562	0	0	166	FullDelay	0.385616	385616	2	4
3.16781	0	0	173	LastDelay	0.057808	57808	1	2
3.16781	0	0	173	FullDelay	0.287808	287808	2	2
3.17562	0	0	167	LastDelay	0.115616	115616	1	4
3.17562	0	0	167	FullDelay	0.385616	385616	2	4
3.1889	0	0	188	LastDelay	0.028904	28904	1	1
3.1889	0	0	188	FullDelay	0.028904	28904	1	1
3.19562	0	0	182	LastDelay	0.115616	115616	1	4
3.19562	0	0	182	FullDelay	0.115616	115616	1	4
3.21671	0	0	185	LastDelay	0.086712	86712	1	3
3.21671	0	0	185	FullDelay	0.086712	86712	1	3
3.23562	0	0	184	LastDelay	0.115616	115616	1	4
3.23562	0	0	184	FullDelay	0.115616	115616	1	4
3.24781	0	0	191	LastDelay	0.057808	57808	1	2
3.24781	0	0	191	FullDelay	0.057808	57808	1	2
3.2589	0	0	193	LastDelay	0.028904	28904	1	1
3.2589	0	0	193	FullDelay	0.028904	28904	1	1
3.26781	0	0	175	LastDelay	0.057808	57808	1	2
3.26781	0	0	175	FullDelay	0.317808	317808	2	2
3.30781	0	0	148	LastDelay	0.057808	57808	1	2
3.30781	0	0	148	FullDelay	0.877808	877808	4	2
3.3289	0	0	180	LastDelay	0.028904	28904	1	1
3.3289	0	0	180	FullDelay	0.298904	298904	2	1
3.43562	0	0	195	LastDelay	0.115616	115616	1	4
3.43562	0	0	195	FullDelay	0.115616	115616	1	4
3.44419	0	0	202	LastDelay	0.034192	34192	1	1
3.44419	0	0	202	FullDelay	0.034192	34192	1	1
3.44671	0	0	183	LastDelay	0.086712	86712	1	3
3.44671	0	0	183	FullDelay	0.356712	356712	2	3
3.48671	0	0	201	LastDelay	0.086712	86712	1	3
3.48671	0	0	201	FullDelay	0.086712	86712	1	3
3.4889	0	0	186	LastDelay	0.028904	28904	1	1
3.4889	0	0	186	FullDelay	0.348904	348904	2	1
3.5389	0	0	165	LastDelay	0.028904	28904	1	1
3.5389	0	0	165	FullDelay	0.768904	768904	4	1
3.5489	0	0	178	LastDelay	0.028904	28904	1	1
3.5489	0	0	178	FullDelay	0.568904	568904	3	1
3.55748	0	0	205	LastDelay	0.11748	117480	1	4
3.55748	0	0	205	FullDelay	0.11748	117480	1	4
3.60562	0	0	190	LastDelay	0.115616	115616	1	4
3.60562	0	0	190	FullDelay	0.425616	425616	2	4
3.6431	0	0	192	LastDelay	0.103096	103096	1	3
3.6431	0	0	192	FullDelay	0.423096	423096	2	3
3.64562	0	0	179	LastDelay	0.115616	115616	1	4
3.64562	0	0	179	FullDelay	0.655616	655616	3	4
3.65419	0	0	196	LastDelay	0.034192	34192	1	1
3.65419	0	0	196	FullDelay	0.324192	324192	2	1
3.66025	0	0	131	LastDelay	0.060248	60248	1	2
3.66025	0	0	131	FullDelay	1.53025	1.53025e+06	7	2
3.66882	0	0	181	LastDelay	0.058824	58824	1	2
3.66882	0	0	181	FullDelay	0.628824	628824	3	2
3.67562	0	0	206	LastDelay	0.115616	115616	1	4
3.67562	0	0	206	FullDelay	0.115616	115616	1	4
3.68562	0	0	207	LastDelay	0.115616	115616	1	4
3.68562	0	0	207	FullDelay	0.115616	115616	1	4
3.6989	0	0	211	LastDelay	0.028904	28904	1	1
3.6989	0	0	211	FullDelay	0.028904	28904	1	1
3.74562	0	0	197	LastDelay	0.115616	115616	1	4
3.74562	0	0	197	FullDelay	0.405616	405616	2	4
3.76781	0	0	200	LastDelay	0.057808	57808	1	2
3.76781	0	0	200	FullDelay	0.377808	377808	2	2
3.77562	0	0	210	LastDelay	0.115616	115616	1	4
3.77562	0	0	210	FullDelay	0.115616	115616	1	4
3.79781	0	0	214	LastDelay	0.057808	57808	1	2
3.79781	0	0	214	FullDelay	0.057808	57808	1	2
3.8189	0	0	219	LastDelay	0.028904	28904	1	1
3.8189	0	0	219	FullDelay	0.028904	28904	1	1
3.8289	0	0	149	LastDelay	0.028904	28904	1	1
3.8289	0	0	149	FullDelay	1.3889	1.3889e+06	6	1
3.85671	0	0	217	LastDelay	0.086712	86712	1	3
3.85671	0	0	217	FullDelay	0.086712	86712	1	3
3.86562	0	0	215	LastDelay	0.115616	115616	1	4
3.86562	0	0	215	FullDelay	0.115616	115616	1	4
3.87419	0	0	220	LastDelay	0.034192	34192	1	1
3.87419	0	0	220	FullDelay	0.034192	34192	1	1
3.87562	0	0	216	LastDelay	0.115616	115616	1	4
3.87562	0	0	216	FullDelay	0.115616	115616	1	4
3.88419	0	0	189	LastDelay	0.064192	64192	1	2
3.88419	0	0	189	FullDelay	0.714192	714192	3	2
3.8889	0	0	209	LastDelay	0.028904	28904	1	1
3.8889	0	0	209	FullDelay	0.298904	298904	2	1
3.9389	0	0	199	LastDelay	0.028904	28904	1	1
3.9389	0	0	199	FullDelay	0.558904	558904	3	1
3.94781	0	0	223	LastDelay	0.057808	57808	1	2
3.94781	0	0	223	FullDelay	0.057808	57808	1	2
4.01671	0	0	225	LastDelay	0.086712	86712	1	3
4.01671	0	0	225	FullDelay	0.086712	86712	1	3
4.02529	0	0	203	LastDelay	0.065288	65288	1	2
4.02529	0	0	203	FullDelay	0.605288	605288	3	2
4.06846	0	0	213	LastDelay	0.078464	78464	1	2
4.06846	0	0	213	FullDelay	0.378464	378464	2	2
4.0689	0	0	231	LastDelay	0.028904	28904	1	1
4.0689	0	0	231	FullDelay	0.028904	28904	1	1
4.1189	0	0	232	LastDelay	0.028904	28904	1	1
4.1189	0	0	232	FullDelay	0.028904	28904	1	1
4.13562	0	0	229	LastDelay	0.115616	115616	1	4
4.13562	0	0	229	FullDelay	0.115616	115616	1	4
4.1489	0	0	233	LastDelay	0.028904	28904	1	1
4.1489	0	0	233	FullDelay	0.028904	28904	1	1
4.1989	0	0	237	LastDelay	0.028904	28904	1	1
4.1989	0	0	237	FullDelay	0.028904	28904	1	1
4.20781	0	0	198	LastDelay	0.057808	57808	1	2
4.20781	0	0	198	FullDelay	0.837808	837808	4	2
4.2089	0	0	238	LastDelay	0.028904	28904	1	1
4.2089	0	0	238	FullDelay	0.028904	28904	1	1
4.25562	0	0	235	LastDelay	0.115616	115616	1	4
4.25562	0	0	235	FullDelay	0.115616	115616	1	4
4.2689	0	0	240	LastDelay	0.028904	28904	1	1
4.2689	0	0	240	FullDelay	0.028904	28904	1	1
4.32562	0	0	204	LastDelay	0.115616	115616	1	4
4.32562	0	0	204	FullDelay	0.895616	895616	4	4
4.34562	0	0	226	LastDelay	0.115616	115616	1	4
4.34562	0	0	226	FullDelay	0.405616	405616	2	4
4.36781	0	0	194	LastDelay	0.057808	57808	1	2
4.36781	0	0	194	FullDelay	1.12781	1.12781e+06	5	2
4.38496	0	0	208	LastDelay	0.06496	64960	1	2
4.38496	0	0	208	FullDelay	0.80496	804960	4	2
4.3989	0	0	246	LastDelay	0.028904	28904	1	1
4.3989	0	0	246	FullDelay	0.028904	28904	1	1
4.41354	0	0	241	LastDelay	0.123536	123536	1	4
4.41354	0	0	241	FullDelay	0.123536	123536	1	4
4.44562	0	0	242	LastDelay	0.115616	115616	1	4
4.44562	0	0	242	FullDelay	0.115616	115616	1	4
4.44781	0	0	248	LastDelay	0.057808	57808	1	2
4.44781	0	0	248	FullDelay	0.057808	57808	1	2
4.4689	0	0	236	LastDelay	0.028904	28904	1	1
4.4689	0	0	236	FullDelay	0.308904	308904	2	1
4.47562	0	0	245	LastDelay	0.115616	115616	1	4
4.47562	0	0	245	FullDelay	0.115616	115616	1	4
4.4989	0	0	239	LastDelay	0.028904	28904	1	1
4.4989	0	0	239	FullDelay	0.308904	308904	2	1
4.50781	0	0	174	LastDelay	0.057808	57808	1	2
4.50781	0	0	174	FullDelay	1.61781	1.61781e+06	7	2
4.5089	0	0	249	LastDelay	0.028904	28904	1	1
4.5089	0	0	249	FullDelay	0.028904	28904	1	1
4.52562	0	0	221	LastDelay	0.115616	115616	1	4
4.52562	0	0	221	FullDelay	0.655616	655616	3	4
4.53419	0	0	212	LastDelay	0.034192	34192	1	1
4.53419	0	0	212	FullDelay	0.854192	854192	4	1
4.54277	0	0	222	LastDelay	0.122768	122768	1	4
4.54277	0	0	222	FullDelay	0.662768	662768	3	4
4.55354	0	0	234	LastDelay	0.123536	123536	1	4
4.55354	0	0	234	FullDelay	0.423536	423536	2	4
4.5685	0	0	251	LastDelay	0.048496	48496	1	1
4.5685	0	0	251	FullDelay	0.048496	48496	1	1
4.57463	0	0	227	LastDelay	0.064632	64632	1	2
4.57463	0	0	227	FullDelay	0.574632	574632	3	2
4.57707	0	0	252	LastDelay	0.047072	47072	1	1
4.57707	0	0	252	FullDelay	0.047072	47072	1	1
4.59178	0	0	250	LastDelay	0.101784	101784	1	3
4.59178	0	0	250	FullDelay	0.101784	101784	1	3
4.60036	0	0	253	LastDelay	0.06036	60360	1	2
4.60036	0	0	253	FullDelay	0.06036	60360	1	2
4.6489	0	0	247	LastDelay	0.028904	28904	1	1
4.6489	0	0	247	FullDelay	0.268904	268904	2	1
4.65748	0	0	243	LastDelay	0.05748	57480	1	1
4.65748	0	0	243	FullDelay	0.31748	317480	2	1
4.66562	0	0	187	LastDelay	0.115616	115616	1	4
4.66562	0	0	187	FullDelay	1.51562	1.51562e+06	6	4
4.67562	0	0	228	LastDelay	0.115616	115616	1	4
4.67562	0	0	228	FullDelay	0.665616	665616	3	4
4.68562	0	0	230	LastDelay	0.115616	115616	1	4
4.68562	0	0	230	FullDelay	0.655616	655616	3	4
4.7031	0	0	254	LastDelay	0.123104	123104	1	4
4.7031	0	0	254	FullDelay	0.123104	123104	1	4
4.72784	0	0	259	LastDelay	0.05784	57840	1	2
4.72784	0	0	259	FullDelay	0.05784	57840	1	2
4.73784	0	0	260	LastDelay	0.05784	57840	1	2
4.73784	0	0	260	FullDelay	0.05784	57840	1	2
4.77568	0	0	258	LastDelay	0.11568	115680	1	4
4.77568	0	0	258	FullDelay	0.11568	115680	1	4
4.81784	0	0	267	LastDelay	0.05784	57840	1	2
4.81784	0	0	267	FullDelay	0.05784	57840	1	2
4.81892	0	0	270	LastDelay	0.02892	28920	1	1
4.81892	0	0	270	FullDelay	0.02892	28920	1	1
4.8289	0	0	255	LastDelay	0.028904	28904	1	1
4.8289	0	0	255	FullDelay	0.238904	238904	2	1
4.85892	0	0	273	LastDelay	0.02892	28920	1	1
4.85892	0	0	273	FullDelay	0.02892	28920	1	1
4.88568	0	0	268	LastDelay	0.11568	115680	1	4
4.88568	0	0	268	FullDelay	0.11568	115680	1	4
4.89568	0	0	269	LastDelay	0.11568	115680	1	4
4.89568	0	0	269	FullDelay	0.11568	115680	1	4
4.90892	0	0	257	LastDelay	0.02892	28920	1	1
4.90892	0	0	257	FullDelay	0.26892	268920	2	1
4.92784	0	0	256	LastDelay	0.05784	57840	1	2
4.92784	0	0	256	FullDelay	0.29784	297840	2	2
4.98892	0	0	262	LastDelay	0.02892	28920	1	1
4.98892	0	0	262	FullDelay	0.28892	288920	2	1
4.99892	0	0	263	LastDelay	0.02892	28920	1	1
4.99892	0	0	263	FullDelay	0.28892	288920	2	1
5.0075	0	0	275	LastDelay	0.117504	117504	1	4
5.0075	0	0	275	FullDelay	0.117504	117504	1	4
5.03568	0	0	278	LastDelay	0.11568	115680	1	4
5.03568	0	0	278	FullDelay	0.11568	115680	1	4
5.06892	0	0	287	LastDelay	0.02892	28920	1	1
5.06892	0	0	287	FullDelay	0.02892	28920	1	1
5.08676	0	0	283	LastDelay	0.08676	86760	1	3
5.08676	0	0	283	FullDelay	0.08676	86760	1	3
5.10781	0	0	224	LastDelay	0.057808	57808	1	2
5.10781	0	0	224	FullDelay	1.18781	1.18781e+06	5	2
5.13784	0	0	266	LastDelay	0.05784	57840	1	2
5.13784	0	0	266	FullDelay	0.39784	397840	2	2
5.14642	0	0	286	LastDelay	0.116424	116424	1	4
5.14642	0	0	286	FullDelay	0.116424	116424	1	4
5.17568	0	0	264	LastDelay	0.11568	115680	1	4
5.17568	0	0	264	FullDelay	0.45568	455680	2	4
5.18784	0	0	272	LastDelay	0.05784	57840	1	2
5.18784	0	0	272	FullDelay	0.36784	367840	2	2
5.19851	0	0	271	LastDelay	0.078512	78512	1	2
5.19851	0	0	271	FullDelay	0.388512	388512	2	2
5.20892	0	0	290	LastDelay	0.02892	28920	1	1
5.20892	0	0	290	FullDelay	0.02892	28920	1	1
5.21562	0	0	218	LastDelay	0.115616	115616	1	4
5.21562	0	0	218	FullDelay	1.43562	1.43562e+06	6	4
5.22608	0	0	291	LastDelay	0.03608	36080	1	1
5.22608	0	0	291	FullDelay	0.03608	36080	1	1
5.28892	0	0	279	LastDelay	0.02892	28920	1	1
5.28892	0	0	279	FullDelay	0.35892	358920	2	1
5.30784	0	0	261	LastDelay	0.05784	57840	1	2
5.30784	0	0	261	FullDelay	0.61784	617840	3	2
5.32568	0	0	293	LastDelay	0.11568	115680	1	4
5.32568	0	0	293	FullDelay	0.11568	115680	1	4
5.33426	0	0	284	LastDelay	0.034264	34264	1	1
5.33426	0	0	284	FullDelay	0.324264	324264	2	1
5.35568	0	0	296	LastDelay	0.11568	115680	1	4
5.35568	0	0	296	FullDelay	0.11568	115680	1	4
5.38568	0	0	280	LastDelay	0.11568	115680	1	4
5.38568	0	0	280	FullDelay	0.44568	445680	2	4
5.39568	0	0	281	LastDelay	0.11568	115680	1	4
5.39568	0	0	281	FullDelay	0.41568	415680	2	4
5.41892	0	0	302	LastDelay	0.02892	28920	1	1
5.41892	0	0	302	FullDelay	0.02892	28920	1	1
5.43568	0	0	298	LastDelay	0.11568	115680	1	4
5.43568	0	0	298	FullDelay	0.11568	115680	1	4
5.46892	0	0	304	LastDelay	0.02892	28920	1	1
5.46892	0	0	304	FullDelay	0.02892	28920	1	1
5.54568	0	0	303	LastDelay	0.11568	115680	1	4
5.54568	0	0	303	FullDelay	0.11568	115680	1	4
5.54959	0	0	292	LastDelay	0.049592	49592	1	1
5.54959	0	0	292	FullDelay	0.349592	349592	2	1
5.56568	0	0	277	LastDelay	0.11568	115680	1	4
5.56568	0	0	277	FullDelay	0.65568	655680	3	4
5.57568	0	0	289	LastDelay	0.11568	115680	1	4
5.57568	0	0	289	FullDelay	0.40568	405680	2	4
5.58892	0	0	310	LastDelay	0.02892	28920	1	1
5.58892	0	0	310	FullDelay	0.02892	28920	1	1
5.62568	0	0	294	LastDelay	0.11568	115680	1	4
5.62568	0	0	294	FullDelay	0.40568	405680	2	4
5.65892	0	0	314	LastDelay	0.02892	28920	1	1
5.65892	0	0	314	FullDelay	0.02892	28920	1	1
5.68892	0	0	317	LastDelay	0.02892	28920	1	1
5.68892	0	0	317	FullDelay	0.02892	28920	1	1
5.6975	0	0	312	LastDelay	0.117504	117504	1	4
5.6975	0	0	312	FullDelay	0.117504	117504	1	4
5.70568	0	0	313	LastDelay	0.11568	115680	1	4
5.70568	0	0	313	FullDelay	0.11568	115680	1	4
5.72784	0	0	318	LastDelay	0.05784	57840	1	2
5.72784	0	0	318	FullDelay	0.05784	57840	1	2
5.73784	0	0	319	LastDelay	0.05784	57840	1	2
5.73784	0	0	319	FullDelay	0.05784	57840	1	2
5.76892	0	0	285	LastDelay	0.02892	28920	1	1
5.76892	0	0	285	FullDelay	0.74892	748920	3	1
5.81562	0	0	244	LastDelay	0.115616	115616	1	4
5.81562	0	0	244	FullDelay	1.46562	1.46562e+06	6	4
5.84784	0	0	306	LastDelay	0.05784	57840	1	2
5.84784	0	0	306	FullDelay	0.36784	367840	2	2
5.85892	0	0	321	LastDelay	0.02892	28920	1	1
5.85892	0	0	321	FullDelay	0.02892	28920	1	1
5.87568	0	0	295	LastDelay	0.11568	115680	1	4
5.87568	0	0	295	FullDelay	0.64568	645680	3	4
5.90892	0	0	326	LastDelay	0.02892	28920	1	1
5.90892	0	0	326	FullDelay	0.02892	28920	1	1
5.91568	0	0	307	LastDelay	0.11568	115680	1	4
5.91568	0	0	307	FullDelay	0.42568	425680	2	4
5.92784	0	0	325	LastDelay	0.05784	57840	1	2
5.92784	0	0	325	FullDelay	0.05784	57840	1	2
5.94892	0	0	299	LastDelay	0.02892	28920	1	1
5.94892	0	0	299	FullDelay	0.61892	618920	3	1
5.95568	0	0	322	LastDelay	0.11568	115680	1	4
5.95568	0	0	322	FullDelay	0.11568	115680	1	4
5.96568	0	0	323	LastDelay	0.11568	115680	1	4
5.96568	0	0	323	FullDelay	0.11568	115680	1	4
5.96784	0	0	297	LastDelay	0.05784	57840	1	2
5.96784	0	0	297	FullDelay	0.65784	657840	3	2
5.99892	0	0	276	LastDelay	0.02892	28920	1	1
5.99892	0	0	276	FullDelay	1.09892	1.09892e+06	5	1
6.0075	0	0	327	LastDelay	0.117504	117504	1	4
6.0075	0	0	327	FullDelay	0.117504	117504	1	4
6.01609	0	0	288	LastDelay	0.036088	36088	1	1
6.01609	0	0	288	FullDelay	0.926088	926088	4	1
6.02467	0	0	315	LastDelay	0.034672	34672	1	1
6.02467	0	0	315	FullDelay	0.384672	384672	2	1
6.12892	0	0	333	LastDelay	0.02892	28920	1	1
6.12892	0	0	333	FullDelay	0.02892	28920	1	1
6.14892	0	0	335	LastDelay	0.02892	28920	1	1
6.14892	0	0	335	FullDelay	0.02892	28920	1	1
6.16568	0	0	305	LastDelay	0.11568	115680	1	4
6.16568	0	0	305	FullDelay	0.69568	695680	3	4
6.17426	0	0	337	LastDelay	0.034264	34264	1	1
6.17426	0	0	337	FullDelay	0.034264	34264	1	1
6.20892	0	0	338	LastDelay	0.02892	28920	1	1
6.20892	0	0	338	FullDelay	0.02892	28920	1	1
6.27892	0	0	301	LastDelay	0.02892	28920	1	1
6.27892	0	0	301	FullDelay	0.89892	898920	4	1
6.28784	0	0	311	LastDelay	0.05784	57840	1	2
6.28784	0	0	311	FullDelay	0.71784	717840	3	2
6.29784	0	0	340	LastDelay	0.05784	57840	1	2
6.29784	0	0	340	FullDelay	0.05784	57840	1	2
6.33568	0	0	300	LastDelay	0.11568	115680	1	4
6.33568	0	0	300	FullDelay	0.99568	995680	4	4
6.34426	0	0	329	LastDelay	0.034264	34264	1	1
6.34426	0	0	329	FullDelay	0.304264	304264	2	1
6.34784	0	0	341	LastDelay	0.05784	57840	1	2
6.34784	0	0	341	FullDelay	0.05784	57840	1	2
6.37568	0	0	316	LastDelay	0.11568	115680	1	4
6.37568	0	0	316	FullDelay	0.72568	725680	3	4
6.38426	0	0	308	LastDelay	0.084264	84264	1	2
6.38426	0	0	308	FullDelay	0.854264	854264	4	2
6.38892	0	0	334	LastDelay	0.02892	28920	1	1
6.38892	0	0	334	FullDelay	0.27892	278920	2	1
6.43568	0	0	330	LastDelay	0.11568	115680	1	4
6.43568	0	0	330	FullDelay	0.36568	365680	2	4
6.44568	0	0	331	LastDelay	0.11568	115680	1	4
6.44568	0	0	331	FullDelay	0.36568	365680	2	4
6.48568	0	0	336	LastDelay	0.11568	115680	1	4
6.48568	0	0	336	FullDelay	0.35568	355680	2	4
6.49143	0	0	350	LastDelay	0.031432	31432	1	1
6.49143	0	0	350	FullDelay	0.031432	31432	1	1
6.49784	0	0	348	LastDelay	0.05784	57840	1	2
6.49784	0	0	348	FullDelay	0.05784	57840	1	2
6.50002	0	0	342	LastDelay	0.120016	120016	1	4
6.50002	0	0	342	FullDelay	0.120016	120016	1	4
6.51892	0	0	353	LastDelay	0.02892	28920	1	1
6.51892	0	0	353	FullDelay	0.02892	28920	1	1
6.52568	0	0	345	LastDelay	0.11568	115680	1	4
6.52568	0	0	345	FullDelay	0.11568	115680	1	4
6.53568	0	0	346	LastDelay	0.11568	115680	1	4
6.53568	0	0	346	FullDelay	0.11568	115680	1	4
6.53784	0	0	352	LastDelay	0.05784	57840	1	2
6.53784	0	0	352	FullDelay	0.05784	57840	1	2
6.54892	0	0	309	LastDelay	0.02892	28920	1	1
6.54892	0	0	309	FullDelay	1.00892	1.00892e+06	4	1
6.61568	0	0	265	LastDelay	0.11568	115680	1	4
6.61568	0	0	265	FullDelay	1.88568	1.88568e+06	7	4
6.63892	0	0	357	LastDelay	0.02892	28920	1	1
6.63892	0	0	357	FullDelay	0.02892	28920	1	1
6.65892	0	0	359	LastDelay	0.02892	28920	1	1
6.65892	0	0	359	FullDelay	0.02892	28920	1	1
6.71568	0	0	356	LastDelay	0.11568	115680	1	4
6.71568	0	0	356	FullDelay	0.11568	115680	1	4
6.75784	0	0	349	LastDelay	0.05784	57840	1	2
6.75784	0	0	349	FullDelay	0.30784	307840	2	2
6.75892	0	0	363	LastDelay	0.02892	28920	1	1
6.75892	0	0	363	FullDelay	0.02892	28920	1	1
6.82568	0	0	351	LastDelay	0.11568	115680	1	4
6.82568	0	0	351	FullDelay	0.35568	355680	2	4
6.83426	0	0	320	LastDelay	0.034264	34264	1	1
6.83426	0	0	320	FullDelay	1.14426	1.14426e+06	5	1
6.83426	0	0	366	LastDelay	0.064264	64264	1	2
6.83426	0	0	366	FullDelay	0.064264	64264	1	2
6.86676	0	0	367	LastDelay	0.08676	86760	1	3
6.86676	0	0	367	FullDelay	0.08676	86760	1	3
6.91784	0	0	354	LastDelay	0.05784	57840	1	2
6.91784	0	0	354	FullDelay	0.33784	337840	2	2
6.96568	0	0	282	LastDelay	0.11568	115680	1	4
6.96568	0	0	282	FullDelay	1.97568	1.97568e+06	8	4
6.97892	0	0	370	LastDelay	0.02892	28920	1	1
6.97892	0	0	370	FullDelay	0.02892	28920	1	1
6.98851	0	0	344	LastDelay	0.078512	78512	1	2
6.98851	0	0	344	FullDelay	0.588512	588512	3	2
6.99784	0	0	369	LastDelay	0.05784	57840	1	2
6.99784	0	0	369	FullDelay	0.05784	57840	1	2
7.00642	0	0	360	LastDelay	0.116424	116424	1	4
7.00642	0	0	360	FullDelay	0.366424	366424	2	4
7.04784	0	0	374	LastDelay	0.05784	57840	1	2
7.04784	0	0	374	FullDelay	0.05784	57840	1	2
7.08784	0	0	365	LastDelay	0.05784	57840	1	2
7.08784	0	0	365	FullDelay	0.32784	327840	2	2
7.12784	0	0	332	LastDelay	0.05784	57840	1	2
7.12784	0	0	332	FullDelay	1.03784	1.03784e+06	5	2
7.13568	0	0	364	LastDelay	0.11568	115680	1	4
7.13568	0	0	364	FullDelay	0.39568	395680	2	4
7.17359	0	0	380	LastDelay	0.033592	33592	1	1
7.17359	0	0	380	FullDelay	0.033592	33592	1	1
7.19568	0	0	339	LastDelay	0.11568	115680	1	4
7.19568	0	0	339	FullDelay	1.00568	1.00568e+06	4	4
7.23784	0	0	384	LastDelay	0.05784	57840	1	2
7.23784	0	0	384	FullDelay	0.05784	57840	1	2
7.25784	0	0	274	LastDelay	0.05784	57840	1	2
7.25784	0	0	274	FullDelay	2.41784	2.41784e+06	10	2
7.26568	0	0	381	LastDelay	0.11568	115680	1	4
7.26568	0	0	381	FullDelay	0.11568	115680	1	4
7.26784	0	0	343	LastDelay	0.05784	57840	1	2
7.26784	0	0	343	FullDelay	0.87784	877840	4	2
7.31892	0	0	371	LastDelay	0.02892	28920	1	1
7.31892	0	0	371	FullDelay	0.35892	358920	2	1
7.36568	0	0	324	LastDelay	0.11568	115680	1	4
7.36568	0	0	324	FullDelay	1.50568	1.50568e+06	6	4
7.37568	0	0	361	LastDelay	0.11568	115680	1	4
7.37568	0	0	361	FullDelay	0.68568	685680	3	4
7.38784	0	0	375	LastDelay	0.05784	57840	1	2
7.38784	0	0	375	FullDelay	0.29784	297840	2	2
7.43892	0	0	392	LastDelay	0.02892	28920	1	1
7.43892	0	0	392	FullDelay	0.02892	28920	1	1
7.44784	0	0	390	LastDelay	0.05784	57840	1	2
7.44784	0	0	390	FullDelay	0.05784	57840	1	2
7.45642	0	0	376	LastDelay	0.116424	116424	1	4
7.45642	0	0	376	FullDelay	0.356424	356424	2	4
7.46501	0	0	388	LastDelay	0.095008	95008	1	3
7.46501	0	0	388	FullDelay	0.095008	95008	1	3
7.47784	0	0	393	LastDelay	0.05784	57840	1	2
7.47784	0	0	393	FullDelay	0.05784	57840	1	2
7.47892	0	0	347	LastDelay	0.02892	28920	1	1
7.47892	0	0	347	FullDelay	1.04892	1.04892e+06	5	1
7.57568	0	0	355	LastDelay	0.11568	115680	1	4
7.57568	0	0	355	FullDelay	0.98568	985680	4	4
7.58568	0	0	358	LastDelay	0.11568	115680	1	4
7.58568	0	0	358	FullDelay	0.96568	965680	4	4
7.59426	0	0	362	LastDelay	0.084264	84264	1	2
7.59426	0	0	362	FullDelay	0.874264	874264	4	2
7.65892	0	0	402	LastDelay	0.02892	28920	1	1
7.65892	0	0	402	FullDelay	0.02892	28920	1	1
7.68568	0	0	396	LastDelay	0.11568	115680	1	4
7.68568	0	0	396	FullDelay	0.11568	115680	1	4
7.68892	0	0	405	LastDelay	0.02892	28920	1	1
7.68892	0	0	405	FullDelay	0.02892	28920	1	1
7.6975	0	0	397	LastDelay	0.117504	117504	1	4
7.6975	0	0	397	FullDelay	0.117504	117504	1	4
7.69784	0	0	403	LastDelay	0.05784	57840	1	2
7.69784	0	0	403	FullDelay	0.05784	57840	1	2
7.71568	0	0	399	LastDelay	0.11568	115680	1	4
7.71568	0	0	399	FullDelay	0.11568	115680	1	4
7.73784	0	0	407	LastDelay	0.05784	57840	1	2
7.73784	0	0	407	FullDelay	0.05784	57840	1	2
7.77959	0	0	377	LastDelay	0.049592	49592	1	1
7.77959	0	0	377	FullDelay	0.669592	669592	3	1
7.78892	0	0	379	LastDelay	0.02892	28920	1	1
7.78892	0	0	379	FullDelay	0.65892	658920	3	1
7.85784	0	0	387	LastDelay	0.05784	57840	1	2
7.85784	0	0	387	FullDelay	0.49784	497840	2	2
7.86642	0	0	368	LastDelay	0.116424	116424	1	4
7.86642	0	0	368	FullDelay	1.07642	1.07642e+06	5	4
7.87534	0	0	389	LastDelay	0.065344	65344	1	2
7.87534	0	0	389	FullDelay	0.495344	495344	2	2
7.92892	0	0	414	LastDelay	0.02892	28920	1	1
7.92892	0	0	414	FullDelay	0.02892	28920	1	1
7.97568	0	0	410	LastDelay	0.11568	115680	1	4
7.97568	0	0	410	FullDelay	0.11568	115680	1	4
7.98784	0	0	417	LastDelay	0.05784	57840	1	2
7.98784	0	0	417	FullDelay	0.05784	57840	1	2
7.98892	0	0	372	LastDelay	0.02892	28920	1	1
7.98892	0	0	372	FullDelay	1.01892	1.01892e+06	4	1
7.99642	0	0	412	LastDelay	0.116424	116424	1	4
7.99642	0	0	412	FullDelay	0.116424	116424	1	4
8.02568	0	0	415	LastDelay	0.11568	115680	1	4
8.02568	0	0	415	FullDelay	0.11568	115680	1	4
8.03568	0	0	416	LastDelay	0.11568	115680	1	4
8.03568	0	0	416	FullDelay	0.11568	115680	1	4
8.07851	0	0	382	LastDelay	0.078512	78512	1	2
8.07851	0	0	382	FullDelay	0.918512	918512	4	2
8.09568	0	0	378	LastDelay	0.11568	115680	1	4
8.09568	0	0	378	FullDelay	0.97568	975680	4	4
8.1246	0	0	408	LastDelay	0.0346	34600	1	1
8.1246	0	0	408	FullDelay	0.4346	434600	2	1
8.13318	0	0	419	LastDelay	0.033184	33184	1	1
8.13318	0	0	419	FullDelay	0.033184	33184	1	1
8.15568	0	0	401	LastDelay	0.11568	115680	1	4
8.15568	0	0	401	FullDelay	0.53568	535680	2	4
8.17784	0	0	421	LastDelay	0.05784	57840	1	2
8.17784	0	0	421	FullDelay	0.05784	57840	1	2
8.22784	0	0	409	LastDelay	0.05784	57840	1	2
8.22784	0	0	409	FullDelay	0.37784	377840	2	2
8.23851	0	0	395	LastDelay	0.078512	78512	1	2
8.23851	0	0	395	FullDelay	0.798512	798512	3	2
8.25568	0	0	423	LastDelay	0.11568	115680	1	4
8.25568	0	0	423	FullDelay	0.11568	115680	1	4
8.26568	0	0	394	LastDelay	0.11568	115680	1	4
8.26568	0	0	394	FullDelay	0.83568	835680	3	4
8.27426	0	0	373	LastDelay	0.064264	64264	1	2
8.27426	0	0	373	FullDelay	1.29426	1.29426e+06	5	2
8.29568	0	0	411	LastDelay	0.11568	115680	1	4
8.29568	0	0	411	FullDelay	0.42568	425680	2	4
8.30568	0	0	413	LastDelay	0.11568	115680	1	4
8.30568	0	0	413	FullDelay	0.41568	415680	2	4
8.33892	0	0	385	LastDelay	0.02892	28920	1	1
8.33892	0	0	385	FullDelay	1.14892	1.14892e+06	4	1
8.36568	0	0	426	LastDelay	0.11568	115680	1	4
8.36568	0	0	426	FullDelay	0.11568	115680	1	4
8.39568	0	0	429	LastDelay	0.11568	115680	1	4
8.39568	0	0	429	FullDelay	0.11568	115680	1	4
8.39784	0	0	398	LastDelay	0.05784	57840	1	2
8.39784	0	0	398	FullDelay	0.80784	807840	3	2
8.43568	0	0	386	LastDelay	0.11568	115680	1	4
8.43568	0	0	386	FullDelay	1.08568	1.08568e+06	4	4
8.44426	0	0	420	LastDelay	0.034264	34264	1	1
8.44426	0	0	420	FullDelay	0.334264	334264	2	1
8.47892	0	0	436	LastDelay	0.02892	28920	1	1
8.47892	0	0	436	FullDelay	0.02892	28920	1	1
8.48892	0	0	437	LastDelay	0.02892	28920	1	1
8.48892	0	0	437	FullDelay	0.02892	28920	1	1
8.49892	0	0	438	LastDelay	0.02892	28920	1	1
8.49892	0	0	438	FullDelay	0.02892	28920	1	1
8.55784	0	0	328	LastDelay	0.05784	57840	1	2
8.55784	0	0	328	FullDelay	2.52784	2.52784e+06	11	2
8.57892	0	0	442	LastDelay	0.02892	28920	1	1
8.57892	0	0	442	FullDelay	0.02892	28920	1	1
8.60568	0	0	440	LastDelay	0.11568	115680	1	4
8.60568	0	0	440	FullDelay	0.11568	115680	1	4
8.62784	0	0	444	LastDelay	0.05784	57840	1	2
8.62784	0	0	444	FullDelay	0.05784	57840	1	2
8.72568	0	0	391	LastDelay	0.11568	115680	1	4
8.72568	0	0	391	FullDelay	1.32568	1.32568e+06	5	4
8.73426	0	0	432	LastDelay	0.034264	34264	1	1
8.73426	0	0	432	FullDelay	0.354264	354264	2	1
8.74568	0	0	404	LastDelay	0.11568	115680	1	4
8.74568	0	0	404	FullDelay	1.09568	1.09568e+06	4	4
8.76568	0	0	406	LastDelay	0.11568	115680	1	4
8.76568	0	0	406	FullDelay	1.09568	1.09568e+06	4	4
8.79143	0	0	447	LastDelay	0.061432	61432	1	2
8.79143	0	0	447	FullDelay	0.061432	61432	1	2
8.79892	0	0	451	LastDelay	0.02892	28920	1	1
8.79892	0	0	451	FullDelay	0.02892	28920	1	1
8.80784	0	0	449	LastDelay	0.05784	57840	1	2
8.80784	0	0	449	FullDelay	0.05784	57840	1	2
8.82892	0	0	383	LastDelay	0.02892	28920	1	1
8.82892	0	0	383	FullDelay	1.65892	1.65892e+06	7	1
8.83784	0	0	452	LastDelay	0.05784	57840	1	2
8.83784	0	0	452	FullDelay	0.05784	57840	1	2
8.84892	0	0	424	LastDelay	0.02892	28920	1	1
8.84892	0	0	424	FullDelay	0.61892	618920	3	1
8.8575	0	0	448	LastDelay	0.117504	117504	1	4
8.8575	0	0	448	FullDelay	0.117504	117504	1	4
8.86892	0	0	435	LastDelay	0.02892	28920	1	1
8.86892	0	0	435	FullDelay	0.42892	428920	2	1
8.87467	0	0	418	LastDelay	0.064672	64672	1	2
8.87467	0	0	418	FullDelay	0.934672	934672	4	2
8.91359	0	0	441	LastDelay	0.033592	33592	1	1
8.91359	0	0	441	FullDelay	0.373592	373592	2	1
8.91784	0	0	427	LastDelay	0.05784	57840	1	2
8.91784	0	0	427	FullDelay	0.65784	657840	3	2
8.92218	0	0	443	LastDelay	0.032176	32176	1	1
8.92218	0	0	443	FullDelay	0.362176	362176	2	1
8.94568	0	0	425	LastDelay	0.11568	115680	1	4
8.94568	0	0	425	FullDelay	0.70568	705680	3	4
9.01892	0	0	457	LastDelay	0.02892	28920	1	1
9.01892	0	0	457	FullDelay	0.02892	28920	1	1
9.02568	0	0	428	LastDelay	0.11568	115680	1	4
9.02568	0	0	428	FullDelay	0.75568	755680	3	4
9.03609	0	0	430	LastDelay	0.116088	116088	1	4
9.03609	0	0	430	FullDelay	0.746088	746088	3	4
9.05784	0	0	458	LastDelay	0.05784	57840	1	2
9.05784	0	0	458	FullDelay	0.05784	57840	1	2
9.06318	0	0	445	LastDelay	0.123184	123184	1	4
9.06318	0	0	445	FullDelay	0.483184	483184	2	4
9.0721	0	0	446	LastDelay	0.122104	122104	1	4
9.0721	0	0	446	FullDelay	0.482104	482104	2	4
9.08002	0	0	460	LastDelay	0.060016	60016	1	2
9.08002	0	0	460	FullDelay	0.060016	60016	1	2
9.09718	0	0	461	LastDelay	0.067184	67184	1	2
9.09718	0	0	461	FullDelay	0.067184	67184	1	2
9.10577	0	0	462	LastDelay	0.065768	65768	1	2
9.10577	0	0	462	FullDelay	0.065768	65768	1	2
9.10892	0	0	450	LastDelay	0.02892	28920	1	1
9.10892	0	0	450	FullDelay	0.34892	348920	2	1
9.12851	0	0	400	LastDelay	0.078512	78512	1	2
9.12851	0	0	400	FullDelay	1.51851	1.51851e+06	6	2
9.12892	0	0	422	LastDelay	0.02892	28920	1	1
9.12892	0	0	422	FullDelay	0.99892	998920	5	1
9.16784	0	0	439	LastDelay	0.05784	57840	1	2
9.16784	0	0	439	FullDelay	0.68784	687840	3	2
9.17892	0	0	431	LastDelay	0.02892	28920	1	1
9.17892	0	0	431	FullDelay	0.80892	808920	4	1
9.18568	0	0	434	LastDelay	0.11568	115680	1	4
9.18568	0	0	434	FullDelay	0.75568	755680	3	4
9.19609	0	0	466	LastDelay	0.036088	36088	1	1
9.19609	0	0	466	FullDelay	0.036088	36088	1	1
9.20568	0	0	453	LastDelay	0.11568	115680	1	4
9.20568	0	0	453	FullDelay	0.41568	415680	2	4
9.21892	0	0	469	LastDelay	0.02892	28920	1	1
9.21892	0	0	469	FullDelay	0.02892	28920	1	1
9.25143	0	0	456	LastDelay	0.031432	31432	1	1
9.25143	0	0	456	FullDelay	0.271432	271432	2	1
9.26002	0	0	465	LastDelay	0.120016	120016	1	4
9.26002	0	0	465	FullDelay	0.120016	120016	1	4
9.27892	0	0	459	LastDelay	0.02892	28920	1	1
9.27892	0	0	459	FullDelay	0.26892	268920	2	1
9.28568	0	0	467	LastDelay	0.11568	115680	1	4
9.28568	0	0	467	FullDelay	0.11568	115680	1	4
9.29568	0	0	468	LastDelay	0.11568	115680	1	4
9.29568	0	0	468	FullDelay	0.11568	115680	1	4
9.30426	0	0	471	LastDelay	0.064264	64264	1	2
9.30426	0	0	471	FullDelay	0.064264	64264	1	2
9.32568	0	0	455	LastDelay	0.11568	115680	1	4
9.32568	0	0	455	FullDelay	0.35568	355680	2	4
9.33426	0	0	473	LastDelay	0.064264	64264	1	2
9.33426	0	0	473	FullDelay	0.064264	64264	1	2
9.33892	0	0	476	LastDelay	0.02892	28920	1	1
9.33892	0	0	476	FullDelay	0.02892	28920	1	1
9.3475	0	0	470	LastDelay	0.117504	117504	1	4
9.3475	0	0	470	FullDelay	0.117504	117504	1	4
9.34784	0	0	475	LastDelay	0.05784	57840	1	2
9.34784	0	0	475	FullDelay	0.05784	57840	1	2
9.35609	0	0	477	LastDelay	0.036088	36088	1	1
9.35609	0	0	477	FullDelay	0.036088	36088	1	1
9.38784	0	0	478	LastDelay	0.05784	57840	1	2
9.38784	0	0	478	FullDelay	0.05784	57840	1	2
9.38892	0	0	464	LastDelay	0.02892	28920	1	1
9.38892	0	0	464	FullDelay	0.25892	258920	2	1
9.39892	0	0	480	LastDelay	0.02892	28920	1	1
9.39892	0	0	480	FullDelay	0.02892	28920	1	1
9.40892	0	0	481	LastDelay	0.02892	28920	1	1
9.40892	0	0	481	FullDelay	0.02892	28920	1	1
9.41568	0	0	433	LastDelay	0.11568	115680	1	4
9.41568	0	0	433	FullDelay	1.02568	1.02568e+06	4	4
9.43892	0	0	483	LastDelay	0.02892	28920	1	1
9.43892	0	0	483	FullDelay	0.02892	28920	1	1
9.45568	0	0	479	LastDelay	0.11568	115680	1	4
9.45568	0	0	479	FullDelay	0.11568	115680	1	4
9.46426	0	0	454	LastDelay	0.064264	64264	1	2
9.46426	0	0	454	FullDelay	0.504264	504264	3	2
9.46892	0	0	486	LastDelay	0.02892	28920	1	1
9.46892	0	0	486	FullDelay	0.02892	28920	1	1
9.47285	0	0	463	LastDelay	0.122848	122848	1	4
9.47285	0	0	463	FullDelay	0.352848	352848	2	4
9.48143	0	0	484	LastDelay	0.061432	61432	1	2
9.48143	0	0	484	FullDelay	0.061432	61432	1	2
9.49002	0	0	485	LastDelay	0.060016	60016	1	2
9.49002	0	0	485	FullDelay	0.060016	60016	1	2
9.56568	0	0	487	LastDelay	0.11568	115680	1	4
9.56568	0	0	487	FullDelay	0.11568	115680	1	4
9.56784	0	0	474	LastDelay	0.05784	57840	1	2
9.56784	0	0	474	FullDelay	0.28784	287840	2	2
9.57892	0	0	495	LastDelay	0.02892	28920	1	1
9.57892	0	0	495	FullDelay	0.02892	28920	1	1
9.58568	0	0	489	LastDelay	0.11568	115680	1	4
9.58568	0	0	489	FullDelay	0.11568	115680	1	4
9.59784	0	0	494	LastDelay	0.05784	57840	1	2
9.59784	0	0	494	FullDelay	0.05784	57840	1	2
9.60892	0	0	498	LastDelay	0.02892	28920	1	1
9.60892	0	0	498	FullDelay	0.02892	28920	1	1
9.63568	0	0	492	LastDelay	0.11568	115680	1	4
9.63568	0	0	492	FullDelay	0.11568	115680	1	4
9.66784	0	0	500	LastDelay	0.05784	57840	1	2
9.66784	0	0	500	FullDelay	0.05784	57840	1	2
9.67642	0	0	496	LastDelay	0.116424	116424	1	4
9.67642	0	0	496	FullDelay	0.116424	116424	1	4
9.68568	0	0	497	LastDelay	0.11568	115680	1	4
9.68568	0	0	497	FullDelay	0.11568	115680	1	4
9.70892	0	0	507	LastDelay	0.02892	28920	1	1
9.70892	0	0	507	FullDelay	0.02892	28920	1	1
9.71892	0	0	508	LastDelay	0.02892	28920	1	1
9.71892	0	0	508	FullDelay	0.02892	28920	1	1
9.73568	0	0	501	LastDelay	0.11568	115680	1	4
9.73568	0	0	501	FullDelay	0.11568	115680	1	4
9.7521	0	0	502	LastDelay	0.122104	122104	1	4
9.7521	0	0	502	FullDelay	0.122104	122104	1	4
9.76568	0	0	504	LastDelay	0.11568	115680	1	4
9.76568	0	0	504	FullDelay	0.11568	115680	1	4
9.77568	0	0	505	LastDelay	0.11568	115680	1	4
9.77568	0	0	505	FullDelay	0.11568	115680	1	4
9.78426	0	0	472	LastDelay	0.034264	34264	1	1
9.78426	0	0	472	FullDelay	0.524264	524264	3	1
9.81892	0	0	514	LastDelay	0.02892	28920	1	1
9.81892	0	0	514	FullDelay	0.02892	28920	1	1
9.83784	0	0	513	LastDelay	0.05784	57840	1	2
9.83784	0	0	513	FullDelay	0.05784	57840	1	2
9.91568	0	0	493	LastDelay	0.11568	115680	1	4
9.91568	0	0	493	FullDelay	0.38568	385680	2	4
9.94784	0	0	521	LastDelay	0.05784	57840	1	2
9.94784	0	0	521	FullDelay	0.05784	57840	1	2
9.96784	0	0	523	LastDelay	0.05784	57840	1	2
9.96784	0	0	523	FullDelay	0.05784	57840	1	2
10.0289	0	0	490	LastDelay	0.02892	28920	1	1
10.0289	0	0	490	FullDelay	0.54892	548920	3	1
10.0375	0	0	524	LastDelay	0.117504	117504	1	4
10.0375	0	0	524	FullDelay	0.117504	117504	1	4
10.0489	0	0	511	LastDelay	0.02892	28920	1	1
10.0489	0	0	511	FullDelay	0.31892	318920	2	1
10.0557	0	0	526	LastDelay	0.11568	115680	1	4
10.0557	0	0	526	FullDelay	0.11568	115680	1	4
10.0768	0	0	510	LastDelay	0.08676	86760	1	3
10.0768	0	0	510	FullDelay	0.35676	356760	2	3
10.1789	0	0	531	LastDelay	0.02892	28920	1	1
10.1789	0	0	531	FullDelay	0.02892	28920	1	1
10.1878	0	0	519	LastDelay	0.05784	57840	1	2
10.1878	0	0	519	FullDelay	0.31784	317840	2	2
10.1964	0	0	528	LastDelay	0.116424	116424	1	4
10.1964	0	0	528	FullDelay	0.116424	116424	1	4
10.205	0	0	530	LastDelay	0.065008	65008	1	2
10.205	0	0	530	FullDelay	0.065008	65008	1	2
10.2989	0	0	509	LastDelay	0.02892	28920	1	1
10.2989	0	0	509	FullDelay	0.58892	588920	3	1
10.3489	0	0	539	LastDelay	0.02892	28920	1	1
10.3489	0	0	539	FullDelay	0.02892	28920	1	1
10.3689	0	0	541	LastDelay	0.02892	28920	1	1
10.3689	0	0	541	FullDelay	0.02892	28920	1	1
10.4089	0	0	516	LastDelay	0.02892	28920	1	1
10.4089	0	0	516	FullDelay	0.58892	588920	3	1
10.4157	0	0	537	LastDelay	0.11568	115680	1	4
10.4157	0	0	537	FullDelay	0.11568	115680	1	4
10.4768	0	0	517	LastDelay	0.08676	86760	1	3
10.4768	0	0	517	FullDelay	0.64676	646760	3	3
10.4878	0	0	532	LastDelay	0.05784	57840	1	2
10.4878	0	0	532	FullDelay	0.32784	327840	2	2
10.5089	0	0	542	LastDelay	0.02892	28920	1	1
10.5089	0	0	542	FullDelay	0.02892	28920	1	1
10.5189	0	0	543	LastDelay	0.02892	28920	1	1
10.5189	0	0	543	FullDelay	0.02892	28920	1	1
10.5357	0	0	529	LastDelay	0.11568	115680	1	4
10.5357	0	0	529	FullDelay	0.44568	445680	2	4
10.5557	0	0	533	LastDelay	0.11568	115680	1	4
10.5557	0	0	533	FullDelay	0.38568	385680	2	4
10.5857	0	0	535	LastDelay	0.11568	115680	1	4
10.5857	0	0	535	FullDelay	0.39568	395680	2	4
10.6285	0	0	491	LastDelay	0.078512	78512	1	2
10.6285	0	0	491	FullDelay	1.13851	1.13851e+06	5	2
10.6389	0	0	525	LastDelay	0.02892	28920	1	1
10.6389	0	0	525	FullDelay	0.70892	708920	3	1
10.6757	0	0	503	LastDelay	0.11568	115680	1	4
10.6757	0	0	503	FullDelay	1.03568	1.03568e+06	4	4
10.6789	0	0	550	LastDelay	0.02892	28920	1	1
10.6789	0	0	550	FullDelay	0.02892	28920	1	1
10.7157	0	0	522	LastDelay	0.11568	115680	1	4
10.7157	0	0	522	FullDelay	0.81568	815680	3	4
10.7243	0	0	554	LastDelay	0.034264	34264	1	1
10.7243	0	0	554	FullDelay	0.034264	34264	1	1
10.7578	0	0	482	LastDelay	0.05784	57840	1	2
10.7578	0	0	482	FullDelay	1.36784	1.36784e+06	6	2
10.7678	0	0	488	LastDelay	0.05784	57840	1	2
10.7678	0	0	488	FullDelay	1.30784	1.30784e+06	6	2
10.7878	0	0	515	LastDelay	0.05784	57840	1	2
10.7878	0	0	515	FullDelay	0.97784	977840	4	2
10.8078	0	0	527	LastDelay	0.05784	57840	1	2
10.8078	0	0	527	FullDelay	0.76784	767840	3	2
10.8278	0	0	540	LastDelay	0.05784	57840	1	2
10.8278	0	0	540	FullDelay	0.49784	497840	2	2
10.8289	0	0	546	LastDelay	0.02892	28920	1	1
10.8289	0	0	546	FullDelay	0.30892	308920	2	1
10.8378	0	0	544	LastDelay	0.05784	57840	1	2
10.8378	0	0	544	FullDelay	0.33784	337840	2	2
10.8389	0	0	547	LastDelay	0.02892	28920	1	1
10.8389	0	0	547	FullDelay	0.30892	308920	2	1
10.8689	0	0	556	LastDelay	0.02892	28920	1	1
10.8689	0	0	556	FullDelay	0.02892	28920	1	1
10.9168	0	0	555	LastDelay	0.08676	86760	1	3
10.9168	0	0	555	FullDelay	0.08676	86760	1	3
10.9778	0	0	520	LastDelay	0.05784	57840	1	2
10.9778	0	0	520	FullDelay	1.09784	1.09784e+06	4	2
10.9957	0	0	560	LastDelay	0.11568	115680	1	4
10.9957	0	0	560	FullDelay	0.11568	115680	1	4
11.0057	0	0	561	LastDelay	0.11568	115680	1	4
11.0057	0	0	561	FullDelay	0.11568	115680	1	4
11.0257	0	0	512	LastDelay	0.11568	115680	1	4
11.0257	0	0	512	FullDelay	1.28568	1.28568e+06	5	4
11.0349	0	0	499	LastDelay	0.084936	84936	1	2
11.0349	0	0	499	FullDelay	1.44494	1.44494e+06	6	2
11.0589	0	0	563	LastDelay	0.02892	28920	1	1
11.0589	0	0	563	FullDelay	0.02892	28920	1	1
11.0689	0	0	564	LastDelay	0.02892	28920	1	1
11.0689	0	0	564	FullDelay	0.02892	28920	1	1
11.0861	0	0	545	LastDelay	0.036088	36088	1	1
11.0861	0	0	545	FullDelay	0.576088	576088	3	1
11.1057	0	0	552	LastDelay	0.11568	115680	1	4
11.1057	0	0	552	FullDelay	0.43568	435680	2	4
11.1157	0	0	534	LastDelay	0.11568	115680	1	4
11.1157	0	0	534	FullDelay	0.93568	935680	4	4
11.1489	0	0	558	LastDelay	0.02892	28920	1	1
11.1489	0	0	558	FullDelay	0.28892	288920	2	1
11.1589	0	0	559	LastDelay	0.02892	28920	1	1
11.1589	0	0	559	FullDelay	0.28892	288920	2	1
11.1678	0	0	557	LastDelay	0.05784	57840	1	2
11.1678	0	0	557	FullDelay	0.31784	317840	2	2
11.1689	0	0	569	LastDelay	0.02892	28920	1	1
11.1689	0	0	569	FullDelay	0.02892	28920	1	1
11.2789	0	0	551	LastDelay	0.02892	28920	1	1
11.2789	0	0	551	FullDelay	0.61892	618920	3	1
11.3178	0	0	575	LastDelay	0.05784	57840	1	2
11.3178	0	0	575	FullDelay	0.05784	57840	1	2
11.3257	0	0	518	LastDelay	0.11568	115680	1	4
11.3257	0	0	518	FullDelay	1.48568	1.48568e+06	6	4
11.3278	0	0	576	LastDelay	0.05784	57840	1	2
11.3278	0	0	576	FullDelay	0.05784	57840	1	2
11.3357	0	0	536	LastDelay	0.11568	115680	1	4
11.3357	0	0	536	FullDelay	1.04568	1.04568e+06	4	4
11.345	0	0	577	LastDelay	0.065008	65008	1	2
11.345	0	0	577	FullDelay	0.065008	65008	1	2
11.3678	0	0	580	LastDelay	0.05784	57840	1	2
11.3678	0	0	580	FullDelay	0.05784	57840	1	2
11.3789	0	0	548	LastDelay	0.02892	28920	1	1
11.3789	0	0	548	FullDelay	0.83892	838920	4	1
11.3989	0	0	562	LastDelay	0.02892	28920	1	1
11.3989	0	0	562	FullDelay	0.37892	378920	2	1
11.4578	0	0	506	LastDelay	0.05784	57840	1	2
11.4578	0	0	506	FullDelay	1.78784	1.78784e+06	7	2
11.5189	0	0	585	LastDelay	0.02892	28920	1	1
11.5189	0	0	585	FullDelay	0.02892	28920	1	1
11.5289	0	0	586	LastDelay	0.02892	28920	1	1
11.5289	0	0	586	FullDelay	0.02892	28920	1	1
11.5689	0	0	590	LastDelay	0.02892	28920	1	1
11.5689	0	0	590	FullDelay	0.02892	28920	1	1
11.5957	0	0	584	LastDelay	0.11568	115680	1	4
11.5957	0	0	584	FullDelay	0.11568	115680	1	4
11.6278	0	0	578	LastDelay	0.05784	57840	1	2
11.6278	0	0	578	FullDelay	0.33784	337840	2	2
11.6389	0	0	565	LastDelay	0.02892	28920	1	1
11.6389	0	0	565	FullDelay	0.57892	578920	3	1
11.6475	0	0	589	LastDelay	0.117504	117504	1	4
11.6475	0	0	589	FullDelay	0.117504	117504	1	4
11.6736	0	0	583	LastDelay	0.033592	33592	1	1
11.6736	0	0	583	FullDelay	0.333592	333592	2	1
11.6757	0	0	549	LastDelay	0.11568	115680	1	4
11.6757	0	0	549	FullDelay	1.03568	1.03568e+06	4	4
11.6843	0	0	566	LastDelay	0.064264	64264	1	2
11.6843	0	0	566	FullDelay	0.614264	614264	3	2
11.7057	0	0	581	LastDelay	0.11568	115680	1	4
11.7057	0	0	581	FullDelay	0.38568	385680	2	4
11.7089	0	0	592	LastDelay	0.02892	28920	1	1
11.7089	0	0	592	FullDelay	0.02892	28920	1	1
11.7385	0	0	568	LastDelay	0.078512	78512	1	2
11.7385	0	0	568	FullDelay	0.648512	648512	3	2
11.7589	0	0	597	LastDelay	0.02892	28920	1	1
11.7589	0	0	597	FullDelay	0.02892	28920	1	1
11.8057	0	0	593	LastDelay	0.11568	115680	1	4
11.8057	0	0	593	FullDelay	0.11568	115680	1	4
11.8157	0	0	594	LastDelay	0.11568	115680	1	4
11.8157	0	0	594	FullDelay	0.11568	115680	1	4
11.8289	0	0	538	LastDelay	0.02892	28920	1	1
11.8289	0	0	538	FullDelay	1.51892	1.51892e+06	6	1
11.8357	0	0	596	LastDelay	0.11568	115680	1	4
11.8357	0	0	596	FullDelay	0.11568	115680	1	4
11.8443	0	0	573	LastDelay	0.064264	64264	1	2
11.8443	0	0	573	FullDelay	0.664264	664264	3	2
11.8489	0	0	587	LastDelay	0.02892	28920	1	1
11.8489	0	0	587	FullDelay	0.33892	338920	2	1
11.8796	0	0	588	LastDelay	0.049592	49592	1	1
11.8796	0	0	588	FullDelay	0.359592	359592	2	1
11.8857	0	0	572	LastDelay	0.11568	115680	1	4
11.8857	0	0	572	FullDelay	0.71568	715680	3	4
11.8889	0	0	601	LastDelay	0.02892	28920	1	1
11.8889	0	0	601	FullDelay	0.02892	28920	1	1
11.9057	0	0	574	LastDelay	0.11568	115680	1	4
11.9057	0	0	574	FullDelay	0.71568	715680	3	4
11.9143	0	0	600	LastDelay	0.064264	64264	1	2
11.9143	0	0	600	FullDelay	0.064264	64264	1	2
11.9189	0	0	604	LastDelay	0.02892	28920	1	1
11.9189	0	0	604	FullDelay	0.02892	28920	1	1
11.9489	0	0	605	LastDelay	0.02892	28920	1	1
11.9489	0	0	605	FullDelay	0.02892	28920	1	1
11.9689	0	0	607	LastDelay	0.02892	28920	1	1
11.9689	0	0	607	FullDelay	0.02892	28920	1	1
11.9857	0	0	602	LastDelay	0.11568	115680	1	4
11.9857	0	0	602	FullDelay	0.11568	115680	1	4
12.0078	0	0	567	LastDelay	0.05784	57840	1	2
12.0078	0	0	567	FullDelay	0.92784	927840	4	2
12.0257	0	0	582	LastDelay	0.11568	115680	1	4
12.0257	0	0	582	FullDelay	0.69568	695680	3	4
12.0678	0	0	571	LastDelay	0.05784	57840	1	2
12.0678	0	0	571	FullDelay	0.90784	907840	4	2
12.0785	0	0	570	LastDelay	0.078512	78512	1	2
12.0785	0	0	570	FullDelay	0.928512	928512	4	2
12.0789	0	0	612	LastDelay	0.02892	28920	1	1
12.0789	0	0	612	FullDelay	0.02892	28920	1	1
12.1243	0	0	616	LastDelay	0.034264	34264	1	1
12.1243	0	0	616	FullDelay	0.034264	34264	1	1
12.1557	0	0	611	LastDelay	0.11568	115680	1	4
12.1557	0	0	611	FullDelay	0.11568	115680	1	4
12.1757	0	0	613	LastDelay	0.11568	115680	1	4
12.1757	0	0	613	FullDelay	0.11568	115680	1	4
12.1957	0	0	615	LastDelay	0.11568	115680	1	4
12.1957	0	0	615	FullDelay	0.11568	115680	1	4
12.2457	0	0	617	LastDelay	0.11568	115680	1	4
12.2457	0	0	617	FullDelay	0.11568	115680	1	4
12.2557	0	0	618	LastDelay	0.11568	115680	1	4
12.2557	0	0	618	FullDelay	0.11568	115680	1	4
12.2757	0	0	606	LastDelay	0.11568	115680	1	4
12.2757	0	0	606	FullDelay	0.34568	345680	2	4
12.2843	0	0	591	LastDelay	0.034264	34264	1	1
12.2843	0	0	591	FullDelay	0.614264	614264	3	1
12.2878	0	0	625	LastDelay	0.05784	57840	1	2
12.2878	0	0	625	FullDelay	0.05784	57840	1	2
12.2928	0	0	619	LastDelay	0.122848	122848	1	4
12.2928	0	0	619	FullDelay	0.122848	122848	1	4
12.2978	0	0	626	LastDelay	0.05784	57840	1	2
12.2978	0	0	626	FullDelay	0.05784	57840	1	2
12.3064	0	0	621	LastDelay	0.116424	116424	1	4
12.3064	0	0	621	FullDelay	0.116424	116424	1	4
12.3089	0	0	608	LastDelay	0.02892	28920	1	1
12.3089	0	0	608	FullDelay	0.31892	318920	2	1
12.3175	0	0	622	LastDelay	0.117504	117504	1	4
12.3175	0	0	622	FullDelay	0.117504	117504	1	4
12.3589	0	0	628	LastDelay	0.02892	28920	1	1
12.3589	0	0	628	FullDelay	0.02892	28920	1	1
12.3689	0	0	629	LastDelay	0.02892	28920	1	1
12.3689	0	0	629	FullDelay	0.02892	28920	1	1
12.3789	0	0	579	LastDelay	0.02892	28920	1	1
12.3789	0	0	579	FullDelay	1.07892	1.07892e+06	5	1
12.4057	0	0	627	LastDelay	0.11568	115680	1	4
12.4057	0	0	627	FullDelay	0.11568	115680	1	4
12.4157	0	0	609	LastDelay	0.11568	115680	1	4
12.4157	0	0	609	FullDelay	0.39568	395680	2	4
12.4278	0	0	603	LastDelay	0.05784	57840	1	2
12.4278	0	0	603	FullDelay	0.54784	547840	3	2
12.4757	0	0	599	LastDelay	0.11568	115680	1	4
12.4757	0	0	599	FullDelay	0.63568	635680	3	4
12.4996	0	0	553	LastDelay	0.049592	49592	1	1
12.4996	0	0	553	FullDelay	1.81959	1.81959e+06	7	1
12.5257	0	0	633	LastDelay	0.11568	115680	1	4
12.5257	0	0	633	FullDelay	0.11568	115680	1	4
12.5557	0	0	636	LastDelay	0.11568	115680	1	4
12.5557	0	0	636	FullDelay	0.11568	115680	1	4
12.5643	0	0	640	LastDelay	0.064264	64264	1	2
12.5643	0	0	640	FullDelay	0.064264	64264	1	2
12.5728	0	0	638	LastDelay	0.092848	92848	1	3
12.5728	0	0	638	FullDelay	0.092848	92848	1	3
12.5757	0	0	620	LastDelay	0.11568	115680	1	4
12.5757	0	0	620	FullDelay	0.39568	395680	2	4
12.5814	0	0	641	LastDelay	0.071432	71432	1	2
12.5814	0	0	641	FullDelay	0.071432	71432	1	2
12.5843	0	0	595	LastDelay	0.034264	34264	1	1
12.5843	0	0	595	FullDelay	0.874264	874264	4	1
12.5986	0	0	637	LastDelay	0.1286	128600	1	4
12.5986	0	0	637	FullDelay	0.1286	128600	1	4
12.6089	0	0	624	LastDelay	0.02892	28920	1	1
12.6089	0	0	624	FullDelay	0.38892	388920	2	1
12.6189	0	0	645	LastDelay	0.02892	28920	1	1
12.6189	0	0	645	FullDelay	0.02892	28920	1	1
12.6289	0	0	610	LastDelay	0.02892	28920	1	1
12.6289	0	0	610	FullDelay	0.59892	598920	3	1
12.6357	0	0	642	LastDelay	0.11568	115680	1	4
12.6357	0	0	642	FullDelay	0.11568	115680	1	4
12.6789	0	0	632	LastDelay	0.02892	28920	1	1
12.6789	0	0	632	FullDelay	0.27892	278920	2	1
12.6989	0	0	648	LastDelay	0.02892	28920	1	1
12.6989	0	0	648	FullDelay	0.02892	28920	1	1
12.7189	0	0	650	LastDelay	0.02892	28920	1	1
12.7189	0	0	650	FullDelay	0.02892	28920	1	1
12.7268	0	0	646	LastDelay	0.08676	86760	1	3
12.7268	0	0	646	FullDelay	0.08676	86760	1	3
12.7275	0	0	614	LastDelay	0.117504	117504	1	4
12.7275	0	0	614	FullDelay	0.657504	657504	3	4
12.7457	0	0	631	LastDelay	0.11568	115680	1	4
12.7457	0	0	631	FullDelay	0.35568	355680	2	4
12.7589	0	0	652	LastDelay	0.02892	28920	1	1
12.7589	0	0	652	FullDelay	0.02892	28920	1	1
12.7957	0	0	649	LastDelay	0.11568	115680	1	4
12.7957	0	0	649	FullDelay	0.11568	115680	1	4
12.8278	0	0	655	LastDelay	0.05784	57840	1	2
12.8278	0	0	655	FullDelay	0.05784	57840	1	2
12.8357	0	0	651	LastDelay	0.11568	115680	1	4
12.8357	0	0	651	FullDelay	0.11568	115680	1	4
12.8478	0	0	657	LastDelay	0.05784	57840	1	2
12.8478	0	0	657	FullDelay	0.05784	57840	1	2
12.8489	0	0	644	LastDelay	0.02892	28920	1	1
12.8489	0	0	644	FullDelay	0.30892	308920	2	1
12.8564	0	0	653	LastDelay	0.116424	116424	1	4
12.8564	0	0	653	FullDelay	0.116424	116424	1	4
12.8989	0	0	660	LastDelay	0.02892	28920	1	1
12.8989	0	0	660	FullDelay	0.02892	28920	1	1
12.9257	0	0	643	LastDelay	0.11568	115680	1	4
12.9257	0	0	643	FullDelay	0.39568	395680	2	4
12.9368	0	0	623	LastDelay	0.08676	86760	1	3
12.9368	0	0	623	FullDelay	0.72676	726760	3	3
12.9489	0	0	664	LastDelay	0.02892	28920	1	1
12.9489	0	0	664	FullDelay	0.02892	28920	1	1
12.9746	0	0	663	LastDelay	0.0646	64600	1	2
12.9746	0	0	663	FullDelay	0.0646	64600	1	2
13.0032	0	0	661	LastDelay	0.123184	123184	1	4
13.0032	0	0	661	FullDelay	0.123184	123184	1	4
13.0118	0	0	662	LastDelay	0.121768	121768	1	4
13.0118	0	0	662	FullDelay	0.121768	121768	1	4
13.0157	0	0	647	LastDelay	0.11568	115680	1	4
13.0157	0	0	647	FullDelay	0.35568	355680	2	4
13.0278	0	0	667	LastDelay	0.05784	57840	1	2
13.0278	0	0	667	FullDelay	0.05784	57840	1	2
13.0389	0	0	639	LastDelay	0.02892	28920	1	1
13.0389	0	0	639	FullDelay	0.54892	548920	3	1
13.0578	0	0	598	LastDelay	0.05784	57840	1	2
13.0578	0	0	598	FullDelay	1.31784	1.31784e+06	6	2
13.0689	0	0	670	LastDelay	0.02892	28920	1	1
13.0689	0	0	670	FullDelay	0.02892	28920	1	1
13.0889	0	0	672	LastDelay	0.02892	28920	1	1
13.0889	0	0	672	FullDelay	0.02892	28920	1	1
13.1061	0	0	673	LastDelay	0.036088	36088	1	1
13.1061	0	0	673	FullDelay	0.036088	36088	1	1
13.1147	0	0	668	LastDelay	0.134672	134672	1	4
13.1147	0	0	668	FullDelay	0.134672	134672	1	4
13.1478	0	0	675	LastDelay	0.05784	57840	1	2
13.1478	0	0	675	FullDelay	0.05784	57840	1	2
13.1589	0	0	676	LastDelay	0.02892	28920	1	1
13.1589	0	0	676	FullDelay	0.02892	28920	1	1
13.1678	0	0	658	LastDelay	0.05784	57840	1	2
13.1678	0	0	658	FullDelay	0.33784	337840	2	2
13.1957	0	0	674	LastDelay	0.11568	115680	1	4
13.1957	0	0	674	FullDelay	0.11568	115680	1	4
13.1978	0	0	677	LastDelay	0.05784	57840	1	2
13.1978	0	0	677	FullDelay	0.05784	57840	1	2
13.2078	0	0	678	LastDelay	0.05784	57840	1	2
13.2078	0	0	678	FullDelay	0.05784	57840	1	2
13.2178	0	0	679	LastDelay	0.05784	57840	1	2
13.2178	0	0	679	FullDelay	0.05784	57840	1	2
13.2489	0	0	665	LastDelay	0.02892	28920	1	1
13.2489	0	0	665	FullDelay	0.31892	318920	2	1
13.2678	0	0	635	LastDelay	0.05784	57840	1	2
13.2678	0	0	635	FullDelay	0.83784	837840	4	2
13.2947	0	0	666	LastDelay	0.064672	64672	1	2
13.2947	0	0	666	FullDelay	0.354672	354672	2	2
13.3078	0	0	654	LastDelay	0.05784	57840	1	2
13.3078	0	0	654	FullDelay	0.54784	547840	3	2
13.3089	0	0	683	LastDelay	0.02892	28920	1	1
13.3089	0	0	683	FullDelay	0.02892	28920	1	1
13.3557	0	0	669	LastDelay	0.11568	115680	1	4
13.3557	0	0	669	FullDelay	0.36568	365680	2	4
13.3578	0	0	685	LastDelay	0.05784	57840	1	2
13.3578	0	0	685	FullDelay	0.05784	57840	1	2
13.4357	0	0	687	LastDelay	0.11568	115680	1	4
13.4357	0	0	687	FullDelay	0.11568	115680	1	4
13.4385	0	0	659	LastDelay	0.078512	78512	1	2
13.4385	0	0	659	FullDelay	0.598512	598512	3	2
13.4496	0	0	634	LastDelay	0.049592	49592	1	1
13.4496	0	0	634	FullDelay	1.02959	1.02959e+06	5	1
13.4689	0	0	693	LastDelay	0.02892	28920	1	1
13.4689	0	0	693	FullDelay	0.02892	28920	1	1
13.4768	0	0	692	LastDelay	0.08676	86760	1	3
13.4768	0	0	692	FullDelay	0.08676	86760	1	3
13.4957	0	0	691	LastDelay	0.11568	115680	1	4
13.4957	0	0	691	FullDelay	0.11568	115680	1	4
13.5357	0	0	681	LastDelay	0.11568	115680	1	4
13.5357	0	0	681	FullDelay	0.35568	355680	2	4
13.5678	0	0	671	LastDelay	0.05784	57840	1	2
13.5678	0	0	671	FullDelay	0.51784	517840	3	2
13.5957	0	0	697	LastDelay	0.11568	115680	1	4
13.5957	0	0	697	FullDelay	0.11568	115680	1	4
13.6043	0	0	704	LastDelay	0.034264	34264	1	1
13.6043	0	0	704	FullDelay	0.034264	34264	1	1
13.6057	0	0	698	LastDelay	0.11568	115680	1	4
13.6057	0	0	698	FullDelay	0.11568	115680	1	4
13.6143	0	0	699	LastDelay	0.094264	94264	1	3
13.6143	0	0	699	FullDelay	0.094264	94264	1	3
13.6457	0	0	700	LastDelay	0.11568	115680	1	4
13.6457	0	0	700	FullDelay	0.11568	115680	1	4
13.6589	0	0	688	LastDelay	0.02892	28920	1	1
13.6589	0	0	688	FullDelay	0.32892	328920	2	1
13.6978	0	0	689	LastDelay	0.05784	57840	1	2
13.6978	0	0	689	FullDelay	0.35784	357840	2	2
13.7568	0	0	707	LastDelay	0.08676	86760	1	3
13.7568	0	0	707	FullDelay	0.08676	86760	1	3
13.7589	0	0	713	LastDelay	0.02892	28920	1	1
13.7589	0	0	713	FullDelay	0.02892	28920	1	1
13.7757	0	0	690	LastDelay	0.11568	115680	1	4
13.7757	0	0	690	FullDelay	0.40568	405680	2	4
13.7843	0	0	712	LastDelay	0.064264	64264	1	2
13.7843	0	0	712	FullDelay	0.064264	64264	1	2
13.8089	0	0	718	LastDelay	0.02892	28920	1	1
13.8089	0	0	718	FullDelay	0.02892	28920	1	1
13.8157	0	0	710	LastDelay	0.11568	115680	1	4
13.8157	0	0	710	FullDelay	0.11568	115680	1	4
13.8257	0	0	711	LastDelay	0.11568	115680	1	4
13.8257	0	0	711	FullDelay	0.11568	115680	1	4
13.8289	0	0	630	LastDelay	0.02892	28920	1	1
13.8289	0	0	630	FullDelay	1.44892	1.44892e+06	7	1
13.8557	0	0	714	LastDelay	0.11568	115680	1	4
13.8557	0	0	714	FullDelay	0.11568	115680	1	4
13.8657	0	0	715	LastDelay	0.11568	115680	1	4
13.8657	0	0	715	FullDelay	0.11568	115680	1	4
13.8689	0	0	695	LastDelay	0.02892	28920	1	1
13.8689	0	0	695	FullDelay	0.40892	408920	2	1
13.8789	0	0	684	LastDelay	0.02892	28920	1	1
13.8789	0	0	684	FullDelay	0.58892	588920	3	1
13.9057	0	0	719	LastDelay	0.11568	115680	1	4
13.9057	0	0	719	FullDelay	0.11568	115680	1	4
13.9325	0	0	656	LastDelay	0.122512	122512	1	4
13.9325	0	0	656	FullDelay	1.15251	1.15251e+06	5	4
13.9411	0	0	682	LastDelay	0.121096	121096	1	4
13.9411	0	0	682	FullDelay	0.751096	751096	3	4
13.9578	0	0	680	LastDelay	0.05784	57840	1	2
13.9578	0	0	680	FullDelay	0.78784	787840	4	2
13.9589	0	0	706	LastDelay	0.02892	28920	1	1
13.9589	0	0	706	FullDelay	0.36892	368920	2	1
13.9757	0	0	686	LastDelay	0.11568	115680	1	4
13.9757	0	0	686	FullDelay	0.66568	665680	3	4
14.0189	0	0	723	LastDelay	0.02892	28920	1	1
14.0189	0	0	723	FullDelay	0.02892	28920	1	1
14.0257	0	0	703	LastDelay	0.11568	115680	1	4
14.0257	0	0	703	FullDelay	0.46568	465680	2	4
14.0357	0	0	705	LastDelay	0.11568	115680	1	4
14.0357	0	0	705	FullDelay	0.45568	455680	2	4
14.0489	0	0	726	LastDelay	0.02892	28920	1	1
14.0489	0	0	726	FullDelay	0.02892	28920	1	1
14.0578	0	0	724	LastDelay	0.05784	57840	1	2
14.0578	0	0	724	FullDelay	0.05784	57840	1	2
14.0957	0	0	722	LastDelay	0.11568	115680	1	4
14.0957	0	0	722	FullDelay	0.11568	115680	1	4
14.1078	0	0	716	LastDelay	0.05784	57840	1	2
14.1078	0	0	716	FullDelay	0.34784	347840	2	2
14.1089	0	0	730	LastDelay	0.02892	28920	1	1
14.1089	0	0	730	FullDelay	0.02892	28920	1	1
14.1178	0	0	717	LastDelay	0.05784	57840	1	2
14.1178	0	0	717	FullDelay	0.34784	347840	2	2
14.1578	0	0	694	LastDelay	0.05784	57840	1	2
14.1578	0	0	694	FullDelay	0.70784	707840	3	2
14.1778	0	0	733	LastDelay	0.05784	57840	1	2
14.1778	0	0	733	FullDelay	0.05784	57840	1	2
14.2078	0	0	696	LastDelay	0.05784	57840	1	2
14.2078	0	0	696	FullDelay	0.73784	737840	3	2
14.2378	0	0	736	LastDelay	0.05784	57840	1	2
14.2378	0	0	736	FullDelay	0.05784	57840	1	2
14.2489	0	0	720	LastDelay	0.02892	28920	1	1
14.2489	0	0	720	FullDelay	0.30892	308920	2	1
14.2878	0	0	721	LastDelay	0.05784	57840	1	2
14.2878	0	0	721	FullDelay	0.31784	317840	2	2
14.2978	0	0	738	LastDelay	0.05784	57840	1	2
14.2978	0	0	738	FullDelay	0.05784	57840	1	2
14.3078	0	0	725	LastDelay	0.05784	57840	1	2
14.3078	0	0	725	FullDelay	0.29784	297840	2	2
14.3189	0	0	740	LastDelay	0.02892	28920	1	1
14.3189	0	0	740	FullDelay	0.02892	28920	1	1
14.3389	0	0	731	LastDelay	0.02892	28920	1	1
14.3389	0	0	731	FullDelay	0.24892	248920	2	1
14.3757	0	0	727	LastDelay	0.11568	115680	1	4
14.3757	0	0	727	FullDelay	0.34568	345680	2	4
14.3857	0	0	728	LastDelay	0.11568	115680	1	4
14.3857	0	0	728	FullDelay	0.34568	345680	2	4
14.4096	0	0	734	LastDelay	0.049592	49592	1	1
14.4096	0	0	734	FullDelay	0.279592	279592	2	1
14.4357	0	0	741	LastDelay	0.11568	115680	1	4
14.4357	0	0	741	FullDelay	0.11568	115680	1	4
14.4553	0	0	745	LastDelay	0.065344	65344	1	2
14.4553	0	0	745	FullDelay	0.065344	65344	1	2
14.4639	0	0	746	LastDelay	0.063928	63928	1	2
14.4639	0	0	746	FullDelay	0.063928	63928	1	2
14.4725	0	0	747	LastDelay	0.062512	62512	1	2
14.4725	0	0	747	FullDelay	0.062512	62512	1	2
14.4811	0	0	748	LastDelay	0.061096	61096	1	2
14.4811	0	0	748	FullDelay	0.061096	61096	1	2
14.4857	0	0	735	LastDelay	0.11568	115680	1	4
14.4857	0	0	735	FullDelay	0.34568	345680	2	4
14.4983	0	0	749	LastDelay	0.068264	68264	1	2
14.4983	0	0	749	FullDelay	0.068264	68264	1	2
14.5189	0	0	737	LastDelay	0.02892	28920	1	1
14.5189	0	0	737	FullDelay	0.32892	328920	2	1
14.5268	0	0	750	LastDelay	0.08676	86760	1	3
14.5268	0	0	750	FullDelay	0.08676	86760	1	3
14.5489	0	0	751	LastDelay	0.02892	28920	1	1
14.5489	0	0	751	FullDelay	0.02892	28920	1	1
14.5757	0	0	702	LastDelay	0.11568	115680	1	4
14.5757	0	0	702	FullDelay	1.02568	1.02568e+06	4	4
14.5789	0	0	732	LastDelay	0.02892	28920	1	1
14.5789	0	0	732	FullDelay	0.46892	468920	3	1
14.5843	0	0	729	LastDelay	0.084264	84264	1	2
14.5843	0	0	729	FullDelay	0.514264	514264	3	2
14.6189	0	0	755	LastDelay	0.02892	28920	1	1
14.6189	0	0	755	FullDelay	0.02892	28920	1	1
14.6278	0	0	743	LastDelay	0.05784	57840	1	2
14.6278	0	0	743	FullDelay	0.28784	287840	2	2
14.6457	0	0	752	LastDelay	0.11568	115680	1	4
14.6457	0	0	752	FullDelay	0.11568	115680	1	4
14.6678	0	0	757	LastDelay	0.05784	57840	1	2
14.6678	0	0	757	FullDelay	0.05784	57840	1	2
14.6689	0	0	760	LastDelay	0.02892	28920	1	1
14.6689	0	0	760	FullDelay	0.02892	28920	1	1
14.6889	0	0	744	LastDelay	0.02892	28920	1	1
14.6889	0	0	744	FullDelay	0.30892	308920	2	1
14.6989	0	0	761	LastDelay	0.02892	28920	1	1
14.6989	0	0	761	FullDelay	0.02892	28920	1	1
14.7089	0	0	762	LastDelay	0.02892	28920	1	1
14.7089	0	0	762	FullDelay	0.02892	28920	1	1
14.7157	0	0	756	LastDelay	0.11568	115680	1	4
14.7157	0	0	756	FullDelay	0.11568	115680	1	4
14.7457	0	0	759	LastDelay	0.11568	115680	1	4
14.7457	0	0	759	FullDelay	0.11568	115680	1	4
14.7657	0	0	701	LastDelay	0.11568	115680	1	4
14.7657	0	0	701	FullDelay	1.22568	1.22568e+06	5	4
14.7785	0	0	708	LastDelay	0.078512	78512	1	2
14.7785	0	0	708	FullDelay	1.09851	1.09851e+06	5	2
14.8243	0	0	770	LastDelay	0.034264	34264	1	1
14.8243	0	0	770	FullDelay	0.034264	34264	1	1
14.8257	0	0	709	LastDelay	0.11568	115680	1	4
14.8257	0	0	709	FullDelay	1.13568	1.13568e+06	5	4
14.8414	0	0	771	LastDelay	0.041432	41432	1	1
14.8414	0	0	771	FullDelay	0.041432	41432	1	1
14.85	0	0	772	LastDelay	0.040016	40016	1	1
14.85	0	0	772	FullDelay	0.040016	40016	1	1
14.8586	0	0	765	LastDelay	0.1286	128600	1	4
14.8586	0	0	765	FullDelay	0.1286	128600	1	4
14.8672	0	0	773	LastDelay	0.047184	47184	1	1
14.8672	0	0	773	FullDelay	0.047184	47184	1	1
14.8989	0	0	754	LastDelay	0.02892	28920	1	1
14.8989	0	0	754	FullDelay	0.31892	318920	2	1
14.9285	0	0	742	LastDelay	0.078512	78512	1	2
14.9285	0	0	742	FullDelay	0.598512	598512	3	2
14.9743	0	0	780	LastDelay	0.034264	34264	1	1
14.9743	0	0	780	FullDelay	0.034264	34264	1	1
14.9957	0	0	758	LastDelay	0.11568	115680	1	4
14.9957	0	0	758	FullDelay	0.37568	375680	2	4
14.9989	0	0	783	LastDelay	0.02892	28920	1	1
14.9989	0	0	783	FullDelay	0.02892	28920	1	1
15.0043	0	0	777	LastDelay	0.094264	94264	1	3
15.0043	0	0	777	FullDelay	0.094264	94264	1	3
15.0157	0	0	763	LastDelay	0.11568	115680	1	4
15.0157	0	0	763	FullDelay	0.32568	325680	2	4
15.0289	0	0	739	LastDelay	0.02892	28920	1	1
15.0289	0	0	739	FullDelay	0.74892	748920	4	1
15.0589	0	0	767	LastDelay	0.02892	28920	1	1
15.0589	0	0	767	FullDelay	0.29892	298920	2	1
15.0678	0	0	764	LastDelay	0.05784	57840	1	2
15.0678	0	0	764	FullDelay	0.34784	347840	2	2
15.0778	0	0	766	LastDelay	0.05784	57840	1	2
15.0778	0	0	766	FullDelay	0.33784	337840	2	2
15.0789	0	0	769	LastDelay	0.02892	28920	1	1
15.0789	0	0	769	FullDelay	0.29892	298920	2	1
15.0889	0	0	774	LastDelay	0.02892	28920	1	1
15.0889	0	0	774	FullDelay	0.25892	258920	2	1
15.0957	0	0	784	LastDelay	0.11568	115680	1	4
15.0957	0	0	784	FullDelay	0.11568	115680	1	4
15.0989	0	0	775	LastDelay	0.02892	28920	1	1
15.0989	0	0	775	FullDelay	0.25892	258920	2	1
15.1075	0	0	785	LastDelay	0.117504	117504	1	4
15.1075	0	0	785	FullDelay	0.117504	117504	1	4
15.1957	0	0	786	LastDelay	0.11568	115680	1	4
15.1957	0	0	786	FullDelay	0.11568	115680	1	4
15.2057	0	0	787	LastDelay	0.11568	115680	1	4
15.2057	0	0	787	FullDelay	0.11568	115680	1	4
15.2078	0	0	776	LastDelay	0.05784	57840	1	2
15.2078	0	0	776	FullDelay	0.31784	317840	2	2
15.2189	0	0	795	LastDelay	0.02892	28920	1	1
15.2189	0	0	795	FullDelay	0.02892	28920	1	1
15.2489	0	0	781	LastDelay	0.02892	28920	1	1
15.2489	0	0	781	FullDelay	0.29892	298920	2	1
15.2589	0	0	796	LastDelay	0.02892	28920	1	1
15.2589	0	0	796	FullDelay	0.02892	28920	1	1
15.2989	0	0	799	LastDelay	0.02892	28920	1	1
15.2989	0	0	799	FullDelay	0.02892	28920	1	1
15.3489	0	0	803	LastDelay	0.02892	28920	1	1
15.3489	0	0	803	FullDelay	0.02892	28920	1	1
15.3557	0	0	797	LastDelay	0.11568	115680	1	4
15.3557	0	0	797	FullDelay	0.11568	115680	1	4
15.3878	0	0	804	LastDelay	0.05784	57840	1	2
15.3878	0	0	804	FullDelay	0.05784	57840	1	2
15.3989	0	0	806	LastDelay	0.02892	28920	1	1
15.3989	0	0	806	FullDelay	0.02892	28920	1	1
15.4057	0	0	801	LastDelay	0.11568	115680	1	4
15.4057	0	0	801	FullDelay	0.11568	115680	1	4
15.4157	0	0	768	LastDelay	0.11568	115680	1	4
15.4157	0	0	768	FullDelay	0.64568	645680	3	4
15.4257	0	0	802	LastDelay	0.11568	115680	1	4
15.4257	0	0	802	FullDelay	0.11568	115680	1	4
15.4557	0	0	805	LastDelay	0.11568	115680	1	4
15.4557	0	0	805	FullDelay	0.11568	115680	1	4
15.4657	0	0	753	LastDelay	0.11568	115680	1	4
15.4657	0	0	753	FullDelay	0.92568	925680	4	4
15.4757	0	0	788	LastDelay	0.11568	115680	1	4
15.4757	0	0	788	FullDelay	0.36568	365680	2	4
15.5357	0	0	791	LastDelay	0.11568	115680	1	4
15.5357	0	0	791	FullDelay	0.39568	395680	2	4
15.5443	0	0	810	LastDelay	0.064264	64264	1	2
15.5443	0	0	810	FullDelay	0.064264	64264	1	2
15.5489	0	0	812	LastDelay	0.02892	28920	1	1
15.5489	0	0	812	FullDelay	0.02892	28920	1	1
15.5557	0	0	793	LastDelay	0.11568	115680	1	4
15.5557	0	0	793	FullDelay	0.38568	385680	2	4
15.5643	0	0	779	LastDelay	0.064264	64264	1	2
15.5643	0	0	779	FullDelay	0.634264	634264	3	2
15.5789	0	0	798	LastDelay	0.02892	28920	1	1
15.5789	0	0	798	FullDelay	0.31892	318920	2	1
15.6057	0	0	811	LastDelay	0.11568	115680	1	4
15.6057	0	0	811	FullDelay	0.11568	115680	1	4
15.6257	0	0	782	LastDelay	0.11568	115680	1	4
15.6257	0	0	782	FullDelay	0.66568	665680	3	4
15.6343	0	0	818	LastDelay	0.034264	34264	1	1
15.6343	0	0	818	FullDelay	0.034264	34264	1	1
15.6557	0	0	814	LastDelay	0.11568	115680	1	4
15.6557	0	0	814	FullDelay	0.11568	115680	1	4
15.6857	0	0	815	LastDelay	0.11568	115680	1	4
15.6857	0	0	815	FullDelay	0.11568	115680	1	4
15.6957	0	0	816	LastDelay	0.11568	115680	1	4
15.6957	0	0	816	FullDelay	0.11568	115680	1	4
15.7057	0	0	817	LastDelay	0.11568	115680	1	4
15.7057	0	0	817	FullDelay	0.11568	115680	1	4
15.7089	0	0	808	LastDelay	0.02892	28920	1	1
15.7089	0	0	808	FullDelay	0.31892	318920	2	1
15.7557	0	0	822	LastDelay	0.11568	115680	1	4
15.7557	0	0	822	FullDelay	0.11568	115680	1	4
15.7857	0	0	807	LastDelay	0.11568	115680	1	4
15.7857	0	0	807	FullDelay	0.40568	405680	2	4
15.7989	0	0	827	LastDelay	0.02892	28920	1	1
15.7989	0	0	827	FullDelay	0.02892	28920	1	1
15.8089	0	0	828	LastDelay	0.02892	28920	1	1
15.8089	0	0	828	FullDelay	0.02892	28920	1	1
15.8357	0	0	824	LastDelay	0.11568	115680	1	4
15.8357	0	0	824	FullDelay	0.11568	115680	1	4
15.8789	0	0	800	LastDelay	0.02892	28920	1	1
15.8789	0	0	800	FullDelay	0.59892	598920	3	1
15.8889	0	0	834	LastDelay	0.02892	28920	1	1
15.8889	0	0	834	FullDelay	0.02892	28920	1	1
15.9057	0	0	829	LastDelay	0.11568	115680	1	4
15.9057	0	0	829	FullDelay	0.11568	115680	1	4
15.9157	0	0	813	LastDelay	0.11568	115680	1	4
15.9157	0	0	813	FullDelay	0.38568	385680	2	4
15.9257	0	0	830	LastDelay	0.11568	115680	1	4
15.9257	0	0	830	FullDelay	0.11568	115680	1	4
15.9378	0	0	836	LastDelay	0.05784	57840	1	2
15.9378	0	0	836	FullDelay	0.05784	57840	1	2
15.9557	0	0	833	LastDelay	0.11568	115680	1	4
15.9557	0	0	833	FullDelay	0.11568	115680	1	4
15.9643	0	0	838	LastDelay	0.034264	34264	1	1
15.9643	0	0	838	FullDelay	0.034264	34264	1	1
15.9678	0	0	820	LastDelay	0.05784	57840	1	2
15.9678	0	0	820	FullDelay	0.34784	347840	2	2
15.9778	0	0	821	LastDelay	0.05784	57840	1	2
15.9778	0	0	821	FullDelay	0.34784	347840	2	2
15.9789	0	0	778	LastDelay	0.02892	28920	1	1
15.9789	0	0	778	FullDelay	1.05892	1.05892e+06	5	1
15.9989	0	0	790	LastDelay	0.02892	28920	1	1
15.9989	0	0	790	FullDelay	0.86892	868920	4	1
16.0075	0	0	837	LastDelay	0.117504	117504	1	4
16.0075	0	0	837	FullDelay	0.117504	117504	1	4
16.0161	0	0	819	LastDelay	0.116088	116088	1	4
16.0161	0	0	819	FullDelay	0.406088	406088	2	4
16.0678	0	0	825	LastDelay	0.05784	57840	1	2
16.0678	0	0	825	FullDelay	0.33784	337840	2	2
16.0689	0	0	841	LastDelay	0.02892	28920	1	1
16.0689	0	0	841	FullDelay	0.02892	28920	1	1
16.1389	0	0	832	LastDelay	0.02892	28920	1	1
16.1389	0	0	832	FullDelay	0.30892	308920	2	1
16.1657	0	0	809	LastDelay	0.11568	115680	1	4
16.1657	0	0	809	FullDelay	0.69568	695680	3	4
16.2289	0	0	854	LastDelay	0.02892	28920	1	1
16.2289	0	0	854	FullDelay	0.02892	28920	1	1
16.2457	0	0	847	LastDelay	0.11568	115680	1	4
16.2457	0	0	847	FullDelay	0.11568	115680	1	4
16.2489	0	0	856	LastDelay	0.02892	28920	1	1
16.2489	0	0	856	FullDelay	0.02892	28920	1	1
16.2678	0	0	855	LastDelay	0.05784	57840	1	2
16.2678	0	0	855	FullDelay	0.05784	57840	1	2
16.2689	0	0	858	LastDelay	0.02892	28920	1	1
16.2689	0	0	858	FullDelay	0.02892	28920	1	1
16.2857	0	0	851	LastDelay	0.11568	115680	1	4
16.2857	0	0	851	FullDelay	0.11568	115680	1	4
16.2943	0	0	857	LastDelay	0.064264	64264	1	2
16.2943	0	0	857	FullDelay	0.064264	64264	1	2
16.2989	0	0	823	LastDelay	0.02892	28920	1	1
16.2989	0	0	823	FullDelay	0.60892	608920	3	1
16.3089	0	0	835	LastDelay	0.02892	28920	1	1
16.3089	0	0	835	FullDelay	0.43892	438920	2	1
16.3178	0	0	792	LastDelay	0.05784	57840	1	2
16.3178	0	0	792	FullDelay	1.15784	1.15784e+06	5	2
16.3189	0	0	839	LastDelay	0.02892	28920	1	1
16.3189	0	0	839	FullDelay	0.37892	378920	2	1
16.3636	0	0	842	LastDelay	0.033592	33592	1	1
16.3636	0	0	842	FullDelay	0.303592	303592	2	1
16.3657	0	0	789	LastDelay	0.11568	115680	1	4
16.3657	0	0	789	FullDelay	1.24568	1.24568e+06	5	4
16.4089	0	0	860	LastDelay	0.02892	28920	1	1
16.4089	0	0	860	FullDelay	0.02892	28920	1	1
16.4278	0	0	859	LastDelay	0.05784	57840	1	2
16.4278	0	0	859	FullDelay	0.05784	57840	1	2
16.5057	0	0	861	LastDelay	0.11568	115680	1	4
16.5057	0	0	861	FullDelay	0.11568	115680	1	4
16.5257	0	0	863	LastDelay	0.11568	115680	1	4
16.5257	0	0	863	FullDelay	0.11568	115680	1	4
16.5378	0	0	849	LastDelay	0.05784	57840	1	2
16.5378	0	0	849	FullDelay	0.38784	387840	2	2
16.5757	0	0	846	LastDelay	0.11568	115680	1	4
16.5757	0	0	846	FullDelay	0.45568	455680	2	4
16.5857	0	0	848	LastDelay	0.11568	115680	1	4
16.5857	0	0	848	FullDelay	0.44568	445680	2	4
16.6178	0	0	826	LastDelay	0.05784	57840	1	2
16.6178	0	0	826	FullDelay	0.87784	877840	4	2
16.6357	0	0	867	LastDelay	0.11568	115680	1	4
16.6357	0	0	867	FullDelay	0.11568	115680	1	4
16.6478	0	0	871	LastDelay	0.05784	57840	1	2
16.6478	0	0	871	FullDelay	0.05784	57840	1	2
16.6489	0	0	874	LastDelay	0.02892	28920	1	1
16.6489	0	0	874	FullDelay	0.02892	28920	1	1
16.6589	0	0	875	LastDelay	0.02892	28920	1	1
16.6589	0	0	875	FullDelay	0.02892	28920	1	1
16.7157	0	0	872	LastDelay	0.11568	115680	1	4
16.7157	0	0	872	FullDelay	0.11568	115680	1	4
16.7257	0	0	873	LastDelay	0.11568	115680	1	4
16.7257	0	0	873	FullDelay	0.11568	115680	1	4
16.7343	0	0	845	LastDelay	0.064264	64264	1	2
16.7343	0	0	845	FullDelay	0.644264	644264	3	2
16.7789	0	0	850	LastDelay	0.02892	28920	1	1
16.7789	0	0	850	FullDelay	0.61892	618920	3	1
16.8157	0	0	831	LastDelay	0.11568	115680	1	4
16.8157	0	0	831	FullDelay	0.99568	995680	4	4
16.8257	0	0	865	LastDelay	0.11568	115680	1	4
16.8257	0	0	865	FullDelay	0.39568	395680	2	4
16.8478	0	0	881	LastDelay	0.05784	57840	1	2
16.8478	0	0	881	FullDelay	0.05784	57840	1	2
16.8757	0	0	852	LastDelay	0.11568	115680	1	4
16.8757	0	0	852	FullDelay	0.69568	695680	3	4
16.9557	0	0	886	LastDelay	0.11568	115680	1	4
16.9557	0	0	886	FullDelay	0.11568	115680	1	4
16.9643	0	0	870	LastDelay	0.064264	64264	1	2
16.9643	0	0	870	FullDelay	0.384264	384264	2	2
16.971	0	0	794	LastDelay	0.121024	121024	1	4
16.971	0	0	794	FullDelay	1.79102	1.79102e+06	7	4
16.9989	0	0	893	LastDelay	0.02892	28920	1	1
16.9989	0	0	893	FullDelay	0.02892	28920	1	1
17.0078	0	0	891	LastDelay	0.05784	57840	1	2
17.0078	0	0	891	FullDelay	0.05784	57840	1	2
17.0089	0	0	894	LastDelay	0.02892	28920	1	1
17.0089	0	0	894	FullDelay	0.02892	28920	1	1
17.0189	0	0	895	LastDelay	0.02892	28920	1	1
17.0189	0	0	895	FullDelay	0.02892	28920	1	1
17.0357	0	0	888	LastDelay	0.11568	115680	1	4
17.0357	0	0	888	FullDelay	0.11568	115680	1	4
17.0696	0	0	862	LastDelay	0.049592	49592	1	1
17.0696	0	0	862	FullDelay	0.669592	669592	3	1
17.0757	0	0	892	LastDelay	0.11568	115680	1	4
17.0757	0	0	892	FullDelay	0.11568	115680	1	4
17.1189	0	0	880	LastDelay	0.02892	28920	1	1
17.1189	0	0	880	FullDelay	0.33892	338920	2	1
17.1257	0	0	844	LastDelay	0.11568	115680	1	4
17.1257	0	0	844	FullDelay	1.04568	1.04568e+06	4	4
17.1389	0	0	883	LastDelay	0.02892	28920	1	1
17.1389	0	0	883	FullDelay	0.32892	328920	2	1
17.1578	0	0	882	LastDelay	0.05784	57840	1	2
17.1578	0	0	882	FullDelay	0.35784	357840	2	2
17.1857	0	0	878	LastDelay	0.11568	115680	1	4
17.1857	0	0	878	FullDelay	0.44568	445680	2	4
17.1889	0	0	898	LastDelay	0.02892	28920	1	1
17.1889	0	0	898	FullDelay	0.02892	28920	1	1
17.1943	0	0	885	LastDelay	0.064264	64264	1	2
17.1943	0	0	885	FullDelay	0.364264	364264	2	2
17.1975	0	0	879	LastDelay	0.117504	117504	1	4
17.1975	0	0	879	FullDelay	0.427504	427504	2	4
17.2378	0	0	900	LastDelay	0.05784	57840	1	2
17.2378	0	0	900	FullDelay	0.05784	57840	1	2
17.2389	0	0	853	LastDelay	0.02892	28920	1	1
17.2389	0	0	853	FullDelay	1.04892	1.04892e+06	4	1
17.2589	0	0	869	LastDelay	0.02892	28920	1	1
17.2589	0	0	869	FullDelay	0.71892	718920	3	1
17.2789	0	0	843	LastDelay	0.02892	28920	1	1
17.2789	0	0	843	FullDelay	1.20892	1.20892e+06	5	1
17.3057	0	0	901	LastDelay	0.11568	115680	1	4
17.3057	0	0	901	FullDelay	0.11568	115680	1	4
17.3189	0	0	890	LastDelay	0.02892	28920	1	1
17.3189	0	0	890	FullDelay	0.37892	378920	2	1
17.3357	0	0	868	LastDelay	0.11568	115680	1	4
17.3357	0	0	868	FullDelay	0.80568	805680	3	4
17.3443	0	0	903	LastDelay	0.034264	34264	1	1
17.3443	0	0	903	FullDelay	0.034264	34264	1	1
17.3528	0	0	904	LastDelay	0.032848	32848	1	1
17.3528	0	0	904	FullDelay	0.032848	32848	1	1
17.3557	0	0	887	LastDelay	0.11568	115680	1	4
17.3557	0	0	887	FullDelay	0.44568	445680	2	4
17.3643	0	0	866	LastDelay	0.094264	94264	1	3
17.3643	0	0	866	FullDelay	0.924264	924264	4	3
17.3728	0	0	902	LastDelay	0.072848	72848	1	2
17.3728	0	0	902	FullDelay	0.072848	72848	1	2
17.4089	0	0	907	LastDelay	0.02892	28920	1	1
17.4089	0	0	907	FullDelay	0.02892	28920	1	1
17.4278	0	0	884	LastDelay	0.05784	57840	1	2
17.4278	0	0	884	FullDelay	0.60784	607840	3	2
17.4389	0	0	896	LastDelay	0.02892	28920	1	1
17.4389	0	0	896	FullDelay	0.29892	298920	2	1
17.4489	0	0	897	LastDelay	0.02892	28920	1	1
17.4489	0	0	897	FullDelay	0.29892	298920	2	1
17.4757	0	0	877	LastDelay	0.11568	115680	1	4
17.4757	0	0	877	FullDelay	0.74568	745680	3	4
17.4989	0	0	912	LastDelay	0.02892	28920	1	1
17.4989	0	0	912	FullDelay	0.02892	28920	1	1
17.5078	0	0	910	LastDelay	0.05784	57840	1	2
17.5078	0	0	910	FullDelay	0.05784	57840	1	2
17.5157	0	0	840	LastDelay	0.11568	115680	1	4
17.5157	0	0	840	FullDelay	1.48568	1.48568e+06	6	4
17.5389	0	0	889	LastDelay	0.02892	28920	1	1
17.5389	0	0	889	FullDelay	0.60892	608920	3	1
17.5478	0	0	914	LastDelay	0.05784	57840	1	2
17.5478	0	0	914	FullDelay	0.05784	57840	1	2
17.5564	0	0	911	LastDelay	0.096424	96424	1	3
17.5564	0	0	911	FullDelay	0.096424	96424	1	3
17.5689	0	0	917	LastDelay	0.02892	28920	1	1
17.5689	0	0	917	FullDelay	0.02892	28920	1	1
17.6357	0	0	915	LastDelay	0.11568	115680	1	4
17.6357	0	0	915	FullDelay	0.11568	115680	1	4
17.6657	0	0	876	LastDelay	0.11568	115680	1	4
17.6657	0	0	876	FullDelay	1.02568	1.02568e+06	4	4
17.6978	0	0	923	LastDelay	0.05784	57840	1	2
17.6978	0	0	923	FullDelay	0.05784	57840	1	2
17.7357	0	0	921	LastDelay	0.11568	115680	1	4
17.7357	0	0	921	FullDelay	0.11568	115680	1	4
17.7457	0	0	922	LastDelay	0.11568	115680	1	4
17.7457	0	0	922	FullDelay	0.11568	115680	1	4
17.7478	0	0	926	LastDelay	0.05784	57840	1	2
17.7478	0	0	926	FullDelay	0.05784	57840	1	2
17.7757	0	0	909	LastDelay	0.11568	115680	1	4
17.7757	0	0	909	FullDelay	0.33568	335680	2	4
17.7843	0	0	916	LastDelay	0.034264	34264	1	1
17.7843	0	0	916	FullDelay	0.254264	254264	2	1
17.7957	0	0	925	LastDelay	0.11568	115680	1	4
17.7957	0	0	925	FullDelay	0.11568	115680	1	4
17.8178	0	0	930	LastDelay	0.05784	57840	1	2
17.8178	0	0	930	FullDelay	0.05784	57840	1	2
17.8257	0	0	913	LastDelay	0.11568	115680	1	4
17.8257	0	0	913	FullDelay	0.34568	345680	2	4
17.8957	0	0	932	LastDelay	0.11568	115680	1	4
17.8957	0	0	932	FullDelay	0.11568	115680	1	4
17.9057	0	0	933	LastDelay	0.11568	115680	1	4
17.9057	0	0	933	FullDelay	0.11568	115680	1	4
17.9357	0	0	918	LastDelay	0.11568	115680	1	4
17.9357	0	0	918	FullDelay	0.35568	355680	2	4
17.9889	0	0	927	LastDelay	0.02892	28920	1	1
17.9889	0	0	927	FullDelay	0.26892	268920	2	1
17.9978	0	0	940	LastDelay	0.05784	57840	1	2
17.9978	0	0	940	FullDelay	0.05784	57840	1	2
18.0289	0	0	929	LastDelay	0.02892	28920	1	1
18.0289	0	0	929	FullDelay	0.28892	288920	2	1
18.0678	0	0	931	LastDelay	0.05784	57840	1	2
18.0678	0	0	931	FullDelay	0.29784	297840	2	2
18.0889	0	0	947	LastDelay	0.02892	28920	1	1
18.0889	0	0	947	FullDelay	0.02892	28920	1	1
18.1136	0	0	942	LastDelay	0.123592	123592	1	4
18.1136	0	0	942	FullDelay	0.123592	123592	1	4
18.1278	0	0	948	LastDelay	0.05784	57840	1	2
18.1278	0	0	948	FullDelay	0.05784	57840	1	2
18.1289	0	0	905	LastDelay	0.02892	28920	1	1
18.1289	0	0	905	FullDelay	0.79892	798920	4	1
18.1989	0	0	934	LastDelay	0.02892	28920	1	1
18.1989	0	0	934	FullDelay	0.36892	368920	2	1
18.2089	0	0	935	LastDelay	0.02892	28920	1	1
18.2089	0	0	935	FullDelay	0.36892	368920	2	1
18.2168	0	0	919	LastDelay	0.08676	86760	1	3
18.2168	0	0	919	FullDelay	0.62676	626760	3	3
18.2253	0	0	920	LastDelay	0.085344	85344	1	2
18.2253	0	0	920	FullDelay	0.615344	615344	3	2
18.2389	0	0	938	LastDelay	0.02892	28920	1	1
18.2389	0	0	938	FullDelay	0.31892	318920	2	1
18.2478	0	0	936	LastDelay	0.05784	57840	1	2
18.2478	0	0	936	FullDelay	0.36784	367840	2	2
18.2978	0	0	953	LastDelay	0.05784	57840	1	2
18.2978	0	0	953	FullDelay	0.05784	57840	1	2
18.3157	0	0	937	LastDelay	0.11568	115680	1	4
18.3157	0	0	937	FullDelay	0.42568	425680	2	4
18.3178	0	0	955	LastDelay	0.05784	57840	1	2
18.3178	0	0	955	FullDelay	0.05784	57840	1	2
18.3436	0	0	951	LastDelay	0.123592	123592	1	4
18.3436	0	0	951	FullDelay	0.123592	123592	1	4
18.3522	0	0	864	LastDelay	0.052176	52176	1	1
18.3522	0	0	864	FullDelay	1.93218	1.93218e+06	8	1
18.3953	0	0	941	LastDelay	0.065344	65344	1	2
18.3953	0	0	941	FullDelay	0.415344	415344	2	2
18.4557	0	0	943	LastDelay	0.11568	115680	1	4
18.4557	0	0	943	FullDelay	0.43568	435680	2	4
18.4689	0	0	961	LastDelay	0.02892	28920	1	1
18.4689	0	0	961	FullDelay	0.02892	28920	1	1
18.4778	0	0	959	LastDelay	0.05784	57840	1	2
18.4778	0	0	959	FullDelay	0.05784	57840	1	2
18.5057	0	0	946	LastDelay	0.11568	115680	1	4
18.5057	0	0	946	FullDelay	0.45568	455680	2	4
18.5089	0	0	965	LastDelay	0.02892	28920	1	1
18.5089	0	0	965	FullDelay	0.02892	28920	1	1
18.5257	0	0	950	LastDelay	0.11568	115680	1	4
18.5257	0	0	950	FullDelay	0.43568	435680	2	4
18.5457	0	0	960	LastDelay	0.11568	115680	1	4
18.5457	0	0	960	FullDelay	0.11568	115680	1	4
18.5489	0	0	952	LastDelay	0.02892	28920	1	1
18.5489	0	0	952	FullDelay	0.31892	318920	2	1
18.5657	0	0	962	LastDelay	0.11568	115680	1	4
18.5657	0	0	962	FullDelay	0.11568	115680	1	4
18.5743	0	0	924	LastDelay	0.064264	64264	1	2
18.5743	0	0	924	FullDelay	0.904264	904264	4	2
18.6457	0	0	954	LastDelay	0.11568	115680	1	4
18.6457	0	0	954	FullDelay	0.39568	395680	2	4
18.6989	0	0	973	LastDelay	0.02892	28920	1	1
18.6989	0	0	973	FullDelay	0.02892	28920	1	1
18.7357	0	0	968	LastDelay	0.11568	115680	1	4
18.7357	0	0	968	FullDelay	0.11568	115680	1	4
18.7457	0	0	969	LastDelay	0.11568	115680	1	4
18.7457	0	0	969	FullDelay	0.11568	115680	1	4
18.7543	0	0	949	LastDelay	0.034264	34264	1	1
18.7543	0	0	949	FullDelay	0.674264	674264	3	1
18.7557	0	0	970	LastDelay	0.11568	115680	1	4
18.7557	0	0	970	FullDelay	0.11568	115680	1	4
18.7757	0	0	972	LastDelay	0.11568	115680	1	4
18.7757	0	0	972	FullDelay	0.11568	115680	1	4
18.7878	0	0	976	LastDelay	0.05784	57840	1	2
18.7878	0	0	976	FullDelay	0.05784	57840	1	2
18.8057	0	0	975	LastDelay	0.11568	115680	1	4
18.8057	0	0	975	FullDelay	0.11568	115680	1	4
18.8178	0	0	963	LastDelay	0.05784	57840	1	2
18.8178	0	0	963	FullDelay	0.35784	357840	2	2
18.8278	0	0	964	LastDelay	0.05784	57840	1	2
18.8278	0	0	964	FullDelay	0.35784	357840	2	2
18.8557	0	0	977	LastDelay	0.11568	115680	1	4
18.8557	0	0	977	FullDelay	0.11568	115680	1	4
18.8578	0	0	928	LastDelay	0.05784	57840	1	2
18.8578	0	0	928	FullDelay	1.12784	1.12784e+06	5	2
18.8878	0	0	957	LastDelay	0.05784	57840	1	2
18.8878	0	0	957	FullDelay	0.60784	607840	3	2
18.8964	0	0	939	LastDelay	0.086424	86424	1	2
18.8964	0	0	939	FullDelay	0.966424	966424	4	2
18.905	0	0	979	LastDelay	0.065008	65008	1	2
18.905	0	0	979	FullDelay	0.065008	65008	1	2
18.9189	0	0	980	LastDelay	0.02892	28920	1	1
18.9189	0	0	980	FullDelay	0.02892	28920	1	1
18.9657	0	0	906	LastDelay	0.11568	115680	1	4
18.9657	0	0	906	FullDelay	1.62568	1.62568e+06	7	4
18.9789	0	0	944	LastDelay	0.02892	28920	1	1
18.9789	0	0	944	FullDelay	0.94892	948920	4	1
18.9878	0	0	983	LastDelay	0.05784	57840	1	2
18.9878	0	0	983	FullDelay	0.05784	57840	1	2
19.0278	0	0	974	LastDelay	0.05784	57840	1	2
19.0278	0	0	974	FullDelay	0.34784	347840	2	2
19.0357	0	0	982	LastDelay	0.11568	115680	1	4
19.0357	0	0	982	FullDelay	0.11568	115680	1	4
19.0489	0	0	987	LastDelay	0.02892	28920	1	1
19.0489	0	0	987	FullDelay	0.02892	28920	1	1
19.0578	0	0	899	LastDelay	0.05784	57840	1	2
19.0578	0	0	899	FullDelay	1.88784	1.88784e+06	8	2
19.0989	0	0	991	LastDelay	0.02892	28920	1	1
19.0989	0	0	991	FullDelay	0.02892	28920	1	1
19.1057	0	0	986	LastDelay	0.11568	115680	1	4
19.1057	0	0	986	FullDelay	0.11568	115680	1	4
19.1143	0	0	978	LastDelay	0.064264	64264	1	2
19.1143	0	0	978	FullDelay	0.324264	324264	2	2
19.1757	0	0	990	LastDelay	0.11568	115680	1	4
19.1757	0	0	990	FullDelay	0.11568	115680	1	4
19.1785	0	0	908	LastDelay	0.078512	78512	1	2
19.1785	0	0	908	FullDelay	1.78851	1.78851e+06	8	2
19.2078	0	0	958	LastDelay	0.05784	57840	1	2
19.2078	0	0	958	FullDelay	0.91784	917840	4	2
19.2457	0	0	995	LastDelay	0.11568	115680	1	4
19.2457	0	0	995	FullDelay	0.11568	115680	1	4
19.2668	0	0	997	LastDelay	0.08676	86760	1	3
19.2668	0	0	997	FullDelay	0.08676	86760	1	3
19.2778	0	0	999	LastDelay	0.05784	57840	1	2
19.2778	0	0	999	FullDelay	0.05784	57840	1	2
19.2857	0	0	971	LastDelay	0.11568	115680	1	4
19.2857	0	0	971	FullDelay	0.63568	635680	3	4
19.2996	0	0	945	LastDelay	0.049592	49592	1	1
19.2996	0	0	945	FullDelay	1.25959	1.25959e+06	5	1
19.3082	0	0	998	LastDelay	0.118176	118176	1	4
19.3082	0	0	998	FullDelay	0.118176	118176	1	4
19.3168	0	0	1003	LastDelay	0.03676	36760	1	1
19.3168	0	0	1003	FullDelay	0.03676	36760	1	1
19.3257	0	0	984	LastDelay	0.11568	115680	1	4
19.3257	0	0	984	FullDelay	0.38568	385680	2	4
19.3978	0	0	993	LastDelay	0.05784	57840	1	2
19.3978	0	0	993	FullDelay	0.30784	307840	2	2
19.4078	0	0	956	LastDelay	0.05784	57840	1	2
19.4078	0	0	956	FullDelay	1.13784	1.13784e+06	5	2
19.4157	0	0	966	LastDelay	0.11568	115680	1	4
19.4157	0	0	966	FullDelay	0.92568	925680	4	4
19.4289	0	0	1008	LastDelay	0.02892	28920	1	1
19.4289	0	0	1008	FullDelay	0.02892	28920	1	1
19.4378	0	0	1006	LastDelay	0.05784	57840	1	2
19.4378	0	0	1006	FullDelay	0.05784	57840	1	2
19.4768	0	0	1007	LastDelay	0.08676	86760	1	3
19.4768	0	0	1007	FullDelay	0.08676	86760	1	3
19.4853	0	0	1010	LastDelay	0.065344	65344	1	2
19.4853	0	0	1010	FullDelay	0.065344	65344	1	2
19.5189	0	0	1001	LastDelay	0.02892	28920	1	1
19.5189	0	0	1001	FullDelay	0.27892	278920	2	1
19.5257	0	0	1009	LastDelay	0.11568	115680	1	4
19.5257	0	0	1009	FullDelay	0.11568	115680	1	4
19.5343	0	0	996	LastDelay	0.064264	64264	1	2
19.5343	0	0	996	FullDelay	0.394264	394264	2	2
19.5389	0	0	1002	LastDelay	0.02892	28920	1	1
19.5389	0	0	1002	FullDelay	0.26892	268920	2	1
19.5428	0	0	967	LastDelay	0.092848	92848	1	2
19.5428	0	0	967	FullDelay	0.952848	952848	4	2
19.5689	0	0	1014	LastDelay	0.02892	28920	1	1
19.5689	0	0	1014	FullDelay	0.02892	28920	1	1
19.5757	0	0	981	LastDelay	0.11568	115680	1	4
19.5757	0	0	981	FullDelay	0.66568	665680	3	4
19.5843	0	0	1004	LastDelay	0.064264	64264	1	2
19.5843	0	0	1004	FullDelay	0.294264	294264	2	2
19.6957	0	0	1015	LastDelay	0.11568	115680	1	4
19.6957	0	0	1015	FullDelay	0.11568	115680	1	4
19.7257	0	0	1005	LastDelay	0.11568	115680	1	4
19.7257	0	0	1005	FullDelay	0.35568	355680	2	4
19.7289	0	0	1011	LastDelay	0.02892	28920	1	1
19.7289	0	0	1011	FullDelay	0.29892	298920	2	1
19.7378	0	0	1023	LastDelay	0.05784	57840	1	2
19.7378	0	0	1023	FullDelay	0.05784	57840	1	2
19.7389	0	0	1012	LastDelay	0.02892	28920	1	1
19.7389	0	0	1012	FullDelay	0.29892	298920	2	1
19.7475	0	0	1018	LastDelay	0.117504	117504	1	4
19.7475	0	0	1018	FullDelay	0.117504	117504	1	4
19.8089	0	0	1028	LastDelay	0.02892	28920	1	1
19.8089	0	0	1028	FullDelay	0.02892	28920	1	1
19.8178	0	0	1000	LastDelay	0.05784	57840	1	2
19.8178	0	0	1000	FullDelay	0.58784	587840	3	2
19.8289	0	0	1030	LastDelay	0.02892	28920	1	1
19.8289	0	0	1030	FullDelay	0.02892	28920	1	1
19.8478	0	0	1029	LastDelay	0.05784	57840	1	2
19.8478	0	0	1029	FullDelay	0.05784	57840	1	2
19.8564	0	0	1027	LastDelay	0.116424	116424	1	4
19.8564	0	0	1027	FullDelay	0.116424	116424	1	4
19.8657	0	0	985	LastDelay	0.11568	115680	1	4
19.8657	0	0	985	FullDelay	0.88568	885680	4	4
19.8996	0	0	988	LastDelay	0.049592	49592	1	1
19.8996	0	0	988	FullDelay	0.869592	869592	4	1
19.9089	0	0	994	LastDelay	0.02892	28920	1	1
19.9089	0	0	994	FullDelay	0.78892	788920	4	1
19.9189	0	0	1016	LastDelay	0.02892	28920	1	1
19.9189	0	0	1016	FullDelay	0.32892	328920	2	1
19.9268	0	0	1034	LastDelay	0.08676	86760	1	3
19.9268	0	0	1034	FullDelay	0.08676	86760	1	3
19.9389	0	0	1019	LastDelay	0.02892	28920	1	1
19.9389	0	0	1019	FullDelay	0.29892	298920	2	1
19.9475	0	0	1033	LastDelay	0.117504	117504	1	4
19.9475	0	0	1033	FullDelay	0.117504	117504	1	4
19.9589	0	0	1021	LastDelay	0.02892	28920	1	1
19.9589	0	0	1021	FullDelay	0.29892	298920	2	1
19.9857	0	0	992	LastDelay	0.11568	115680	1	4
19.9857	0	0	992	FullDelay	0.90568	905680	4	4
